0.0100714
0.0135553
0.021665
0.015426
0.013326
0.0148217
0.0141503
0.0154887
0.00945994
0.0103626
0.00969769
0.0120087
0.0190789
0.0141427
0.0139918
0.0142835
0.0124365
0.0161741
0.0121835
0.00961617
0.0128436
0.0130794
0.0152047
0.0108716
0.0107129
0.0184632
0.0138997
0.0121838
0.0152922
0.0126777
0.0151975
0.017239
0.0111813
0.0134491
0.0138215
0.01417
0.0114324
0.00911962
0.0105426
0.0105842
0.0138307
0.0147097
0.0126176
0.0158017
0.0121845
0.0149577
0.015236
0.0139587
0.0157208
0.014992
0.0109519
0.01144
0.013847
0.0186294
0.011119
0.00911975
0.0106316
0.0102888
0.010377
0.0148062
0.0153821
0.0132267
0.0116496
0.0150443
0.0145112
0.0127041
0.00911005
0.0123374
0.0164801
0.00980125
0.0186674
0.0128042
0.0181411
0.0105364
0.012866
0.0136655
0.0116148
0.0179787
0.0117937
0.0111591
0.0142986
0.012102
0.0119163
0.0122709
0.0148341
0.0131537
0.0100791
0.0138902
0.0187063
0.0137768
0.0137158
0.0126822
0.0150272
0.0153589
0.00998505
0.0133663
0.0152926
0.0125594
0.0129586
0.0126013
0.0155906
0.0122103
0.0128178
0.012155
0.0157067
0.0141966
0.0136636
0.0147665
0.0150166
0.0113252
0.0132922
0.0108453
0.0123761
0.0199792
0.0121282
0.0157433
0.0166471
0.0157615
0.0156174
0.0139516
0.0118016
0.0135032
0.0116168
0.0118536
0.0147619
0.0113633
0.0124519
0.0133662
0.015643
0.0154476
0.012638
0.0128677
0.0134986
0.018179
0.0120698
0.0148675
0.0120802
0.0171959
0.0133501
0.0164625
0.0188246
0.0147502
0.0111362
0.0134694
0.00926401
0.0152163
0.012938
0.0127605
0.0159872
0.0151802
0.010786
0.012612
0.0110405
0.0105263
0.013252
0.0137917
0.0153805
0.0153502
0.0123432
0.015503
0.011858
0.0112264
0.0152212
0.0128207
0.0111763
0.00843232
0.0131562
0.0135351
0.0143643
0.0127005
0.00981612
0.00866103
0.0160662
0.0139167
0.0120703
0.0145299
0.00979975
0.0162789
0.0148492
0.0124742
0.0176831
0.0133407
0.0256715
0.00962258
0.0154686
0.0137253
0.010176
0.0192407
0.0119054
0.0122779
0.0122234
0.0152889
0.014812
0.0162828
0.0151436
0.0124097
0.0123095
0.00927535
0.0146908
0.0108721
0.00969179
0.0110664
0.0114215
0.0160142
0.00788001
0.0103965
0.0147202
0.0113573
0.0185434
0.0121721
0.0142417
0.0156402
0.0149498
0.0116628
0.014158
0.0105044
0.0120904
0.0117978
0.0153446
0.0107084
0.0128391
0.01346
0.0116398
0.00934221
0.0121732
0.0125939
0.0138555
0.012741
0.0164943
0.0128293
0.0148359
0.0113813
0.0137509
0.00769075
0.0152279
0.014629
0.0161645
0.0121836
0.0104128
0.014039
0.0191664
0.0108734
0.0135203
0.0119723
0.0109588
0.0117195
0.0150195
0.016057
0.0144318
0.0107443
0.0102682
0.0117392
0.0110783
0.015802
0.0175418
0.0114221
0.0109063
0.0096396
0.0138284
0.0118708
0.0119082
0.0127393
0.0128044
0.0103796
0.0103919
0.0123891
0.0115244
0.0144675
0.0126325
0.010693
0.0145666
0.0119905
0.00898332
0.0153087
0.0176947
0.0119222
0.0126343
0.0157281
0.0159274
0.0135537
0.0152245
0.0128582
0.0101293
0.00967573
0.0143579
0.0150419
0.012554
0.00989991
0.0144866
0.0134341
0.00968586
0.0149925
0.0134521
0.0123551
0.0117879
0.0142215
0.0209548
0.011582
0.0132469
0.0112019
0.0160292
0.0108818
0.0126059
0.0105787
0.0107803
0.0155646
0.0159955
0.0104357
0.0149057
0.0154468
0.0113668
0.0131225
0.0176858
0.0128643
0.0114713
0.0133529
0.0109437
0.0105094
0.0166768
0.0163618
0.0142037
0.0160135
0.0113637
0.0113871
0.0109986
0.0107187
0.0120932
0.0174987
0.0136364
0.0132698
0.012802
0.00947659
0.0133212
0.0151731
0.0167674
0.0108046
0.0141355
0.0128128
0.0111024
0.010173
0.0159206
0.0121191
0.0169615
0.0147614
0.0127777
0.00757355
0.0126791
0.011652
0.0123906
0.013261
0.0162423
0.0174232
0.0124749
0.0150366
0.0133495
0.016792
0.0146069
0.0164741
0.0162399
0.0147883
0.0159693
0.0104867
0.0134145
0.00915498
0.0126853
0.012325
0.0119574
0.0158241
0.0142865
0.0122795
0.0111919
0.011511
0.0166324
0.0119965
0.0186304
0.0137975
0.0107133
0.0137251
0.0168715
0.0147086
0.0141647
0.0147175
0.0159528
0.0141907
0.0199785
0.00718688
0.0118999
0.0119804
0.0161078
0.0129179
0.0124195
0.0129532
0.0117848
0.019321
0.0164637
0.0134524
0.0117646
0.0139561
0.0143913
0.0125048
0.0164246
0.013242
0.0123687
0.0131586
0.0127734
0.0103636
0.013328
0.0142176
0.0126241
0.0160754
0.0113599
0.016543
0.0159742
0.0129192
0.0108744
0.0157686
0.0138404
0.00882912
0.0112139
0.0172922
0.0111313
0.0105001
0.0183982
0.0102849
0.0162538
0.01886
0.00902794
0.0143181
0.0140893
0.0138918
0.0156943
0.0114977
0.013819
0.0142572
0.0107229
0.0150176
0.0121935
0.0142881
0.0116541
0.0158688
0.0127897
0.015011
0.0128322
0.0138585
0.0155931
0.0118647
0.0122363
0.0132937
0.0131676
0.0127357
0.0158355
0.0135089
0.0107697
0.0101744
0.011196
0.0128293
0.00856093
0.0125605
0.0130945
0.0149725
0.012059
0.0140061
0.014518
0.0139429
0.00944101
0.00941408
0.0154615
0.0156684
0.0133688
0.0102166
0.00979839
0.0161654
0.0183939
0.017952
0.0133729
0.0119161
0.0153825
0.012487
0.0146711
0.0110368
0.0144456
0.00860893
0.0130065
0.0107366
0.0113917
0.0125521
0.0115004
0.0151149
0.0123646
0.0159513
0.0148388
0.0104573
0.0120318
0.0134484
0.0144359
0.00826576
0.0151871
0.0138915
0.0111018
0.013563
0.00943611
0.0127412
0.012409
0.0152953
0.0101742
0.0154037
0.0120471
0.0098379
0.0103358
0.0138642
0.00831247
0.0127272
0.0129847
0.0131726
0.0112931
0.0126328
0.0114946
0.00880034
0.0176849
0.0150819
0.0141366
0.0115414
0.0125238
0.0138258
0.0121421
0.0107403
0.010664
0.0118342
0.0116407
0.0135151
0.0141383
0.0110533
0.0147767
0.0155262
0.010085
0.0118583
0.0126455
0.011692
0.0101235
0.0131619
0.0162347
0.0171623
0.0132719
0.0116891
0.0145521
0.0152913
0.00869716
0.0133384
0.0106754
0.0107334
0.0156519
0.0126934
0.0157169
0.0127754
0.0102407
0.0170566
0.014246
0.0155814
0.0097345
0.0135248
0.00699585
0.0108357
0.0114001
0.0136973
0.0119756
0.0106385
0.014653
0.0111755
0.0094532
0.0128856
0.0161147
0.0127205
0.0141292
0.0134293
0.0131549
0.0116366
0.0137237
0.00859737
0.0113557
0.0131376
0.0134095
0.0155164
0.0152499
0.0115289
0.0155201
0.0127881
0.0157988
0.0145205
0.0099757
0.0125301
0.0106619
0.00957073
0.0125587
0.0123863
0.0139301
0.00965161
0.0174657
0.0132538
0.0119144
0.00970234
0.0106134
0.013133
0.0117864
0.0130429
0.0164639
0.0138311
0.0135551
0.0100719
0.0119775
0.015647
0.0121048
0.0096364
0.0143881
0.00981505
0.0158019
0.0134718
0.0151056
0.00954223
0.0139412
0.0122449
0.00744871
0.0131634
0.0122623
0.0167035
0.0152433
0.00985573
0.00992986
0.0112685
0.0123546
0.0106273
0.0127471
0.0144945
0.0109418
0.0172504
0.0126834
0.0161412
0.0166117
0.0142417
0.0131094
0.0180489
0.0157168
0.0111008
0.0116876
0.0127193
0.0163017
0.0119582
0.0135442
0.0177073
0.0114254
0.0119477
0.00994494
0.0145035
0.0138087
0.0173029
0.0111315
0.0149151
0.0104072
0.0103468
0.0154986
0.0126351
0.0131654
0.0126756
0.0124507
0.0128691
0.012303
0.0121594
0.0145899
0.0132516
0.0089446
0.0114377
0.0137273
0.017776
0.0110036
0.0145618
0.0140367
0.0132753
0.0112482
0.00911855
0.0129392
0.0161206
0.014413
0.0131858
0.0109762
0.0104585
0.0137758
0.0158701
0.0166828
0.0104446
0.0140563
0.0137646
0.0155885
0.0107025
0.0135447
0.0146303
0.0153515
0.0164436
0.0181343
0.0153867
0.0128354
0.0139182
0.0159877
0.0117171
0.0118697
0.0108087
0.014031
0.0123731
0.0135048
0.0132703
0.0117228
0.0155915
0.0159604
0.0144558
0.0110275
0.0143532
0.013913
0.0144093
0.0109648
0.0116312
0.0103604
0.0156204
0.0161853
0.0102791
0.0155535
0.0130803
0.0101826
0.010413
0.0104759
0.014822
0.0126763
0.0105192
0.0154874
0.0192636
0.0102062
0.0118125
0.0141488
0.0144642
0.0117756
0.0116914
0.0150423
0.0127418
0.0141331
0.0146782
0.00999937
0.0140028
0.0114922
0.0123613
0.0141354
0.0135112
0.0165481
0.014375
0.0150931
0.0151589
0.0100141
0.0138052
0.0148553
0.0135973
0.0168969
0.0106527
0.0135975
0.0138452
0.0104403
0.00872029
0.0130029
0.0125937
0.00913011
0.0104135
0.0103557
0.0157412
0.0109031
0.0117574
0.00840276
0.0118222
0.0124615
0.00970243
0.0156096
0.0169221
0.0116616
0.0147333
0.0155683
0.0149109
0.0125064
0.00956111
0.0130542
0.0111899
0.0134127
0.0156903
0.0148335
0.0152989
0.0127929
0.00966443
0.00921472
0.0151775
0.0147374
0.00859059
0.0130869
0.0135273
0.0114938
0.0119476
0.0123955
0.0155569
0.0118318
0.0118777
0.0132102
0.0128522
0.0146795
0.00838227
0.0142862
0.0172069
0.0127521
0.0137446
0.013241
0.0159376
0.0124007
0.0151229
0.0197014
0.0128811
0.0125916
0.0162145
0.0192208
0.0118868
0.0154583
0.0127191
0.0114997
0.0117737
0.0138556
0.0101138
0.0175146
0.0134626
0.0158996
0.00863438
0.0139193
0.0129113
0.0105226
0.0112876
0.0140127
0.0113363
0.0127348
0.01411
0.0141423
0.0138822
0.01434
0.0135097
0.0141697
0.0120335
0.0158595
0.0131678
0.0145544
0.0149464
0.011116
0.00880856
0.0130733
0.0159636
0.0117312
0.0140028
0.0135095
0.0151917
0.0138619
0.0097049
0.0142692
0.0119354
0.015289
0.0129276
0.0125213
0.00989371
0.0133088
0.0142465
0.0147043
0.0137531
0.010012
0.0135338
0.0137701
0.0107451
0.011771
0.00888366
0.0136581
0.0115541
0.0114092
0.0128735
0.0118658
0.0124697
0.0131827
0.0165863
0.00829565
0.0131825
0.0103121
0.0131972
0.0160409
0.0135869
0.00991962
0.0148717
0.0146366
0.0116268
0.0150458
0.0121543
0.0148151
0.0140114
0.013392
0.0131827
0.0119926
0.0121897
0.0139509
0.0140582
0.0105664
0.0128481
0.0132027
0.0132773
0.0103831
0.0154464
0.00821237
0.00985402
0.0180249
0.0142698
0.0111578
0.00737221
0.0129192
0.0178725
0.0116282
0.0157386
0.0108221
0.0149377
0.0121358
0.0134701
0.015103
0.0163267
0.011812
0.0108179
0.0109512
0.0138844
0.0134767
0.0111846
0.00981621
0.00851902
0.0158447
0.0150336
0.011502
0.0127031
0.0118666
0.00809634
0.0150087
0.011678
0.0123805
0.012404
0.0163287
0.0104496
0.0131975
0.014106
0.0143283
0.0139286
0.0159132
0.0130298
0.0117391
0.0100412
0.012152
0.0141019
0.0141484
0.014015
0.0108694
0.0137561
0.0152556
0.0180744
0.0121805
0.01642
0.0113272
0.0133994
0.0116145
0.0131611
0.0102262
0.0109034
0.0180431
0.0164297
0.0129113
0.0134089
0.0178203
0.01362
0.0144719
0.00860169
0.0131465
0.0115147
0.0115439
0.0105616
0.00997022
0.0121668
0.0149228
0.0155858
0.0127439
0.00951614
0.016791
0.0101127
0.0170458
0.0132871
0.0155005
0.0112678
0.016069
0.0132363
0.0132971
0.00774051
0.0197333
0.0100329
0.0156152
0.0146672
0.0139236
0.0140454
0.0121269
0.0140621
0.0141159
0.0116007
0.0137159
0.0189346
0.0150288
0.0140864
0.0153383
0.0149198
0.0146225
0.010575
0.0138929
0.0132949
0.0120142
0.0120242
0.0135211
0.0127686
0.0130036
0.0123334
0.01378
0.00990109
0.015022
0.0151868
0.0094486
0.0163247
0.0148759
0.00953368
0.0131157
0.0146854
0.0118371
0.0196419
0.0138713
0.0104523
0.014401
0.0161062
0.0109258
0.0183156
0.0122283
0.0162213
0.0149702
0.0138846
0.00897347
0.00931721
0.0121047
0.0150879
0.0115798
0.0129235
0.0121235
0.0128377
0.0102833
0.0118075
0.0113528
0.0145684
0.012274
0.0108342
0.0146988
0.019239
0.0119792
0.0170312
0.0101007
0.0157847
0.0111981
0.0131511
0.0115425
0.0159289
0.0121739
0.0122154
0.0184619
0.0153836
0.0119271
0.0133756
0.0139972
0.013687
0.0142253
0.0130926
0.0107872
0.0176013
0.0160358
0.0169671
0.0144164
0.0114555
0.0136932
0.013744
0.0129336
0.0160148
0.0138581
0.00950318
0.0114311
0.00987246
0.0133728
0.00910816
0.0120855
0.0159176
0.0160971
0.0191427
0.0106608
0.0188502
0.0141374
0.0145095
0.0139171
0.015044
0.0147894
0.0117892
0.0134554
0.0137721
0.0129612
0.0114577
0.0108737
0.0129187
0.0139925
0.0136795
0.00934118
0.0119032
0.0121805
0.0159899
0.017039
0.0135248
0.0102194
0.0135381
0.0117364
0.0123378
0.0127081
0.0124522
0.0115499
0.00987469
0.0124208
0.0117165
0.00885472
0.0138989
0.0122435
0.0168738
0.0127781
0.0102805
0.0109366
0.0108497
0.0100991
0.0176165
0.0131803
0.0156213
0.0124038
0.0121812
0.0153736
0.0136124
0.0150834
0.014825
0.0173336
0.0158244
0.0113053
0.0128332
0.0116687
0.0136897
0.0146099
0.0157304
0.0131994
0.0172565
0.0159843
0.0129633
0.0111018
0.0113987
0.0130364
0.0126008
0.0141093
0.00949645
0.0160202
0.0116294
0.0166583
0.0149533
0.010871
0.0113013
0.0121331
0.0202627
0.0119666
0.0145397
0.0159761
0.0142973
0.0147524
0.0100308
0.0139144
0.0133059
0.0166189
0.0172937
0.0174868
0.0108614
0.0156813
0.0107411
0.0136943
0.00921716
0.0102887
0.0125508
0.0147869
0.0115954
0.0112482
0.0175748
0.0113549
0.0132712
0.012638
0.0118183
0.0118531
0.0117531
0.0137454
0.00951829
0.0119967
0.0174124
0.00942082
0.0125455
0.0152494
0.0136362
0.0108436
0.0114064
0.0136614
0.0162539
0.0117445
0.00992463
0.0132434
0.0129293
0.0118614
0.0167002
0.0183181
0.0158528
0.0114649
0.0120457
0.0116407
0.0159507
0.0113211
0.0174824
0.012842
0.0156424
0.0130019
0.0118925
0.00998111
0.0127969
0.0114993
0.0140863
0.0150171
0.0157938
0.0112175
0.0137246
0.0108995
0.014752
0.00885306
0.0128682
0.01128
0.016542
0.00964471
0.0136006
0.015228
0.0110555
0.0123543
0.0169922
0.0138214
0.0117331
0.0109877
0.0104014
0.0142967
0.0198598
0.0126166
0.0170993
0.0158197
0.0143018
0.0113304
0.0119507
0.0105692
0.01214
0.0139139
0.0133015
0.0139569
0.0167512
0.0140884
0.0162705
0.0091687
0.0130592
0.0155613
0.0137526
0.00872032
0.0120506
0.0126368
0.0125794
0.0167282
0.0148872
0.0135993
0.0140268
0.0120721
0.0105021
0.0154395
0.0153881
0.0138802
0.0151409
0.0148774
0.0125335
0.0115478
0.0139131
0.015866
0.0159935
0.0174274
0.0124889
0.0121434
0.0144597
0.0153019
0.0154996
0.0104514
0.0153516
0.0125932
0.0171834
0.0145133
0.012086
0.0129627
0.014563
0.0164097
0.00813573
0.0132759
0.0138499
0.0134096
0.0147996
0.0127495
0.011683
0.0132766
0.0117707
0.0153976
0.016259
0.0152234
0.0186236
0.0146061
0.0114331
0.0133347
0.0144498
0.0159921
0.0101166
0.0139263
0.00963908
0.015472
0.0132425
0.0165331
0.0144883
0.0107829
0.0120398
0.0171752
0.0151949
0.0133019
0.0129983
0.0145947
0.0143245
0.0127165
0.0112628
0.0150238
0.0131981
0.017541
0.0129511
0.0160144
0.0129481
0.00898351
0.0120074
0.014853
0.0154293
0.0131864
0.01511
0.00986109
0.0121521
0.0130262
0.0121041
0.0111888
0.00973748
0.0166502
0.0107943
0.0111329
0.0163609
0.0170139
0.00991365
0.0133488
0.0148447
0.0117845
0.0141614
0.0112386
0.0160981
0.014899
0.0175092
0.0129763
0.0113558
0.0142409
0.0124289
0.0136324
0.0128578
0.013773
0.0176976
0.0165019
0.00969269
0.0126692
0.0137424
0.0100611
0.0153438
0.0118955
0.0164075
0.00855612
0.0145113
0.014496
0.0120372
0.0137114
0.0140138
0.0120852
0.0122611
0.0158285
0.014845
0.0164921
0.0131728
0.0171641
0.0161277
0.0138881
0.0131742
0.0150688
0.0137735
0.0128633
0.0136883
0.0120939
0.0105246
0.014927
0.0108103
0.014221
0.0145488
0.014454
0.0145936
0.010668
0.0116439
0.0117427
0.0151787
0.0117675
0.0118035
0.0189997
0.0125829
0.0129393
0.0141885
0.00964993
0.0120516
0.0141866
0.0131932
0.0144767
0.0111249
0.0104314
0.014338
0.0160081
0.0120292
0.0160804
0.0150271
0.0128259
0.0167119
0.0119859
0.0185379
0.0110624
0.0104272
0.0123959
0.014108
0.0130382
0.0140282
0.0167975
0.015868
0.00859906
0.0138834
0.0107394
0.0139619
0.0134538
0.0158081
0.0116863
0.0126405
0.0130396
0.0140327
0.0153911
0.0123342
0.013299
0.0151049
0.0135222
0.0111385
0.0135905
0.0183765
0.0161769
0.0128217
0.0154004
0.0132369
0.0122346
0.0126949
0.0121073
0.0114726
0.0116968
0.0121547
0.0151069
0.0152323
0.0127147
0.0116952
0.0136566
0.00982572
0.0138497
0.0134898
0.012795
0.0139395
0.0132877
0.0127659
0.0194795
0.0123936
0.012504
0.018658
0.0165203
0.0129754
0.0175219
0.0140349
0.0155595
0.013363
0.0168851
0.0189258
0.0126007
0.0119388
0.00926552
0.0127287
0.0184412
0.0151451
0.0148725
0.0127472
0.0105399
0.0137036
0.0118358
0.0150708
0.0142592
0.0144914
0.0130568
0.0139209
0.0126701
0.0161015
0.0150634
0.0106629
0.0128945
0.0116167
0.0105505
0.0111233
0.0111183
0.00944513
0.0158835
0.0111782
0.0163814
0.0135619
0.0158607
0.0161983
0.013998
0.0133639
0.0119379
0.0134562
0.0144864
0.00971839
0.0096668
0.0132687
0.0119924
0.0122925
0.0174628
0.0112641
0.0154643
0.0112076
0.0129746
0.0102061
0.0113783
0.0130307
0.0171287
0.0185717
0.010684
0.0134794
0.0146219
0.0115838
0.01707
0.0154238
0.010762
0.0124276
0.0124691
0.00927503
0.0101794
0.00878868
0.00879767
0.0151329
0.0155011
0.0148655
0.0127986
0.0119462
0.0113044
0.0159236
0.0129853
0.0137278
0.0162844
0.0147101
0.0124742
0.0129404
0.0121504
0.0137114
0.0142474
0.0121152
0.0141262
0.010811
0.0145356
0.0150156
0.0100411
0.0132832
0.015847
0.0147009
0.0108444
0.0103679
0.0130576
0.0148736
0.0145513
0.0181717
0.0131395
0.0122438
0.015917
0.0117401
0.0127999
0.0149774
0.0118163
0.0150865
0.0111998
0.0103437
0.0161538
0.0102936
0.0118996
0.0115749
0.0102724
0.0116892
0.0162981
0.0136023
0.0143463
0.0177067
0.0145185
0.0138958
0.014968
0.0112596
0.0158809
0.0123064
0.011636
0.0142774
0.0164919
0.0126796
0.0117228
0.0117436
0.00948486
0.0151598
0.0162946
0.0153802
0.0132403
0.0118713
0.0101791
0.0148381
0.0118699
0.0153838
0.0164688
0.0115862
0.0131136
0.00834732
0.0150574
0.0182147
0.012282
0.0152738
0.0119751
0.0121508
0.0179328
0.0138426
0.00983979
0.0178481
0.0154931
0.0129161
0.0146042
0.0143365
0.012267
0.0140491
0.0145273
0.0156748
0.014214
0.0125268
0.00919793
0.0117249
0.0114323
0.0133633
0.0168383
0.00979362
0.0153609
0.0125325
0.0121332
0.0125417
0.0155218
0.0176484
0.0165044
0.00996629
0.0176286
0.0119956
0.0133886
0.00936312
0.016328
0.0117713
0.0103029
0.0165716
0.0117479
0.0124945
0.0155145
0.0116465
0.0134591
0.0139323
0.01251
0.0113246
0.0128068
0.0117779
0.0182283
0.0149051
0.012996
0.0139069
0.0116614
0.0117131
0.0127101
0.0141527
0.0114079
0.0146899
0.0141798
0.0120083
0.0100046
0.0113405
0.0119153
0.0147917
0.0122432
0.00836854
0.014472
0.0131051
0.0150078
0.0132637
0.0109098
0.00910726
0.0121995
0.0113
0.0151738
0.0126693
0.00924415
0.00894298
0.0139028
0.0130762
0.013301
0.0113563
0.0140337
0.0124997
0.0137723
0.00984597
0.0146326
0.0129693
0.0155651
0.0149352
0.0172184
0.00854793
0.0183062
0.0134091
0.00993111
0.0133186
0.0115191
0.0148568
0.0104173
0.0166416
0.0172454
0.0160626
0.0125892
0.0160938
0.0143527
0.01514
0.0136134
0.00921121
0.0121666
0.00940633
0.0121137
0.0122997
0.00974259
0.0138279
0.0104838
0.0145711
0.0121085
0.017074
0.0108877
0.0127588
0.0184478
0.0131884
0.0153422
0.0100784
0.0162183
0.0153387
0.0161785
0.0147123
0.0147898
0.0143459
0.0088717
0.0109449
0.01372
0.0147625
0.0157504
0.0129193
0.0122556
0.00983427
0.0164889
0.0156701
0.0150865
0.0148645
0.0134869
0.01316
0.0152323
0.016139
0.0122336
0.0105717
0.0131502
0.0141391
0.0123778
0.011568
0.017358
0.0147998
0.0122225
0.013782
0.0162587
0.0179118
0.0140665
0.012893
0.0118246
0.0157172
0.0139942
0.0125693
0.0137038
0.0142934
0.0121787
0.0112704
0.0131652
0.0155461
0.0154472
0.0126183
0.0110645
0.0135621
0.0133016
0.0144698
0.0153905
0.0105774
0.0171832
0.0207714
0.0115781
0.0138603
0.0161156
0.0150877
0.0112532
0.0115604
0.00993601
0.0101796
0.00922187
0.0110466
0.0105404
0.0150994
0.0141486
0.0154721
0.0130913
0.0151141
0.0167348
0.0128832
0.0136015
0.0159587
0.0163604
0.00953341
0.0123909
0.0163716
0.0120282
0.0146425
0.0129573
0.0142976
0.0128614
0.0167568
0.0198464
0.0100231
0.0134295
0.0121057
0.0130084
0.0131882
0.011242
0.018046
0.0163851
0.0125616
0.0183183
0.014502
0.0182745
0.0144306
0.0130998
0.0149107
0.0104778
0.0146246
0.0116831
0.0168121
0.0104503
0.0135811
0.0135828
0.0142818
0.015038
0.0135045
0.011134
0.0169449
0.0146065
0.0145208
0.010496
0.00920176
0.0118534
0.020303
0.00912835
0.0191593
0.0148643
0.0141487
0.0114048
0.0198383
0.0101738
0.00946814
0.0141535
0.0152088
0.0111857
0.0144823
0.0136678
0.0148924
0.0159409
0.00994135
0.0137556
0.0100565
0.0162128
0.0123716
0.0155683
0.0149723
0.0111016
0.0153611
0.0134235
0.0165611
0.012075
0.0133978
0.0142053
0.00840731
0.0143461
0.014698
0.0141664
0.0137374
0.0144244
0.0127419
0.0164481
0.0149956
0.0164127
0.00979556
0.0154593
0.0125044
0.0144697
0.0130136
0.0107314
0.0192456
0.0146869
0.0138992
0.0132026
0.013309
0.0161483
0.0167384
0.0120928
0.0142696
0.0143253
0.0127379
0.017053
0.0110994
0.0112615
0.0132113
0.0149401
0.0216027
0.0140782
0.0133025
0.0154627
0.0157562
0.0129366
0.0119923
0.0104768
0.0152512
0.0105125
0.0132683
0.0132681
0.0114948
0.0157727
0.0135068
0.0130035
0.0152005
0.0175477
0.0115306
0.0181881
0.0130644
0.0155056
0.0159065
0.00967771
0.0122925
0.0156737
0.0115287
0.0165783
0.0106412
0.0144831
0.0125439
0.0151214
0.0160378
0.0112362
0.0226477
0.0109002
0.0121327
0.00882925
0.0133856
0.0144793
0.0113871
0.0123936
0.0140577
0.0115785
0.0138889
0.014908
0.0151999
0.0186194
0.0153827
0.0145232
0.0125163
0.0118985
0.0102816
0.0104753
0.0127389
0.0113701
0.0154426
0.00908296
0.0164685
0.0151008
0.00991357
0.0134131
0.014818
0.0134053
0.0104169
0.015926
0.0118267
0.0119305
0.0119064
0.0139221
0.0137717
0.0128434
0.0114982
0.0152184
0.0118653
0.00824
0.0126107
0.0129278
0.0144806
0.0131727
0.011562
0.012138
0.0102955
0.013766
0.0138983
0.0154046
0.0138761
0.0172708
0.0127481
0.0132438
0.017246
0.00999943
0.0143223
0.0152792
0.0120468
0.0151726
0.0128577
0.0129772
0.00991251
0.0147649
0.0112802
0.0160238
0.0117086
0.0158072
0.0147414
0.0113952
0.0111159
0.017755
0.0149629
0.0100459
0.0126601
0.0125601
0.0140615
0.0108787
0.0139285
0.0121389
0.0126913
0.0121259
0.0133217
0.0136173
0.0179205
0.0128712
0.0155163
0.0121209
0.0131887
0.0148813
0.0130207
0.0136963
0.0186805
0.0130246
0.0155326
0.0139941
0.0159183
0.0154797
0.0166026
0.0121471
0.0119277
0.0154284
0.0135053
0.0153051
0.0154017
0.0133636
0.011196
0.012731
0.0153451
0.00840818
0.0127468
0.0126637
0.0118647
0.013931
0.0083959
0.0128265
0.0138946
0.011167
0.0151025
0.012987
0.0150907
0.0094937
0.0165088
0.011631
0.0139509
0.0179415
0.0112846
0.0178793
0.0119229
0.0170444
0.0135689
0.0139321
0.0125224
0.0159545
0.0131228
0.0137287
0.0121149
0.0105189
0.0127939
0.0129748
0.0105185
0.0126418
0.0099376
0.0184092
0.0188715
0.0131149
0.0155557
0.0109615
0.0154712
0.0126191
0.0132927
0.013461
0.0117335
0.0126757
0.0150748
0.0129107
0.0102179
0.0100046
0.0108019
0.0126408
0.0131045
0.0125695
0.0122428
0.0148622
0.0172781
0.0120537
0.0167127
0.0131436
0.0110518
0.0171851
0.014835
0.01044
0.013699
0.0132432
0.0121183
0.0154928
0.012526
0.0157515
0.0166238
0.0139303
0.0136635
0.0117102
0.0130354
0.00939625
0.0163976
0.0102309
0.0127431
0.0143026
0.0111019
0.0116698
0.0112637
0.0152631
0.0108521
0.0129155
0.0101351
0.0109398
0.0126841
0.0134533
0.0133282
0.0183149
0.0128822
0.0141934
0.01217
0.0115626
0.0108892
0.0147273
0.0152814
0.0124633
0.00893128
0.0111531
0.0105407
0.0160015
0.00879573
0.0127323
0.0158749
0.0232223
0.0141308
0.0162923
0.0113381
0.0115939
0.0193348
0.0119579
0.0113815
0.0115562
0.0137806
0.012355
0.0107374
0.0186807
0.0147831
0.0132123
0.0135918
0.0122248
0.0129024
0.0118874
0.0138725
0.0162977
0.0143368
0.0112166
0.0117316
0.0163985
0.01424
0.0135294
0.01444
0.0141491
0.013008
0.0143445
0.0167639
0.0112194
0.00968627
0.0162507
0.00930812
0.012464
0.0108008
0.010306
0.0132823
0.0116199
0.0154102
0.0151811
0.0166241
0.0157951
0.00990476
0.0141986
0.0142708
0.0162913
0.010676
0.0167652
0.0152184
0.0104479
0.0206441
0.0131692
0.00995943
0.0113026
0.0136127
0.0076483
0.012256
0.00834896
0.0126368
0.0105319
0.0165156
0.0176382
0.0160166
0.0134294
0.0109151
0.0131063
0.0127588
0.0153441
0.0117886
0.0142897
0.0144357
0.0147084
0.0136618
0.0158316
0.0109711
0.016304
0.0147016
0.0113618
0.0156248
0.013959
0.0137509
0.0149475
0.0157653
0.0212496
0.0141102
0.0113788
0.00907385
0.0134916
0.0138505
0.0186194
0.0162114
0.0131953
0.0162184
0.0146348
0.0141828
0.0157042
0.0194271
0.0102951
0.0149379
0.014961
0.0138835
0.0098056
0.0133317
0.0115894
0.0169721
0.0160912
0.0175389
0.0116271
0.0126532
0.0142623
0.0151127
0.011627
0.0147814
0.00986543
0.0153387
0.0137908
0.0142852
0.0150716
0.0129004
0.0123418
0.010743
0.0126271
0.0168221
0.0122454
0.0167936
0.0173233
0.0135448
0.0125407
0.0179715
0.0097822
0.0141683
0.0161625
0.0119362
0.0161219
0.0177978
0.0109014
0.00864372
0.0143215
0.0143733
0.0142398
0.0132308
0.0127946
0.0159714
0.0121932
0.0140072
0.014258
0.0181763
0.0121617
0.0123644
0.0192334
0.0129122
0.0147158
0.0111164
0.0115831
0.0132908
0.0144436
0.0100907
0.0117764
0.0111837
0.0157182
0.00932859
0.0132968
0.0142229
0.0151453
0.0134812
0.0142808
0.00958662
0.01386
0.0145715
0.00929109
0.0117132
0.0171087
0.0134648
0.0132738
0.0145961
0.0137963
0.0135302
0.0112178
0.0109881
0.0125365
0.0138911
0.0192212
0.0138371
0.0136222
0.0155068
0.0136343
0.0142889
0.0202795
0.014245
0.0158383
0.0188041
0.0114919
0.0155574
0.0138863
0.015106
0.012995
0.0125677
0.0106793
0.0123766
0.0148122
0.016923
0.00890734
0.0114419
0.0136793
0.00826488
0.0141046
0.0143324
0.0119597
0.0163045
0.0158129
0.0140863
0.0127463
0.0163567
0.0148186
0.0103909
0.014339
0.012267
0.0107946
0.0120799
0.0118472
0.0125636
0.0144738
0.013158
0.0129138
0.0121478
0.0132262
0.0121145
0.0112256
0.012271
0.0124958
0.0114241
0.0112212
0.0125732
0.0127078
0.0145708
0.014408
0.0136412
0.0110788
0.0115187
0.0165536
0.0127075
0.0152873
0.0128006
0.0140773
0.0106533
0.0150825
0.0119952
0.0151498
0.0141999
0.0106815
0.0109292
0.0108429
0.0136126
0.0177945
0.0113254
0.0139209
0.0141443
0.0127315
0.0124731
0.0132493
0.0153993
0.0175267
0.0113659
0.016847
0.00987083
0.0130985
0.0144794
0.018241
0.0158263
0.0161815
0.0156654
0.0139845
0.0125196
0.0106324
0.0162447
0.0201471
0.0140028
0.0103058
0.0136251
0.0161687
0.015215
0.0158928
0.0149579
0.00910601
0.0161233
0.0117621
0.0109916
0.0125453
0.0130515
0.0140811
0.0165465
0.0158991
0.0121678
0.0144611
0.0186026
0.0107777
0.01083
0.0113039
0.0158332
0.0101479
0.0136082
0.0125075
0.0120419
0.012143
0.0143956
0.0150377
0.00968424
0.012776
0.0153042
0.0140773
0.0103044
0.0143868
0.0126861
0.0190558
0.0126629
0.0150083
0.0186068
0.0154556
0.0116074
0.0129159
0.0159003
0.0114886
0.0167916
0.0101679
0.0135307
0.0107756
0.0115485
0.0165222
0.0168923
0.014166
0.018623
0.0161338
0.014555
0.0151521
0.012873
0.0140815
0.0155825
0.0168167
0.0121573
0.0112551
0.0107865
0.0135218
0.0107956
0.012945
0.0125968
0.0126027
0.0124354
0.0120951
0.0107334
0.0140145
0.0142399
0.0108593
0.00957415
0.0159834
0.0147639
0.0105855
0.0105544
0.015319
0.0154081
0.0109553
0.0178806
0.0101589
0.0149553
0.0132411
0.0108877
0.0201291
0.0119419
0.0126917
0.0165837
0.00898666
0.0176401
0.0138811
0.0160705
0.0138141
0.0103795
0.00991045
0.014658
0.0142185
0.0170575
0.0106028
0.0140122
0.014559
0.0145137
0.0133817
0.0144415
0.0134854
0.0104254
0.0158585
0.00956805
0.0145952
0.0133414
0.00978009
0.0157479
0.0124474
0.0138804
0.0120127
0.0145679
0.0158348
0.0100677
0.0180018
0.0155385
0.0119244
0.0150992
0.0144052
0.012642
0.013203
0.0150518
0.0121382
0.0113256
0.0146892
0.0143552
0.0121426
0.0121641
0.0134243
0.0159432
0.0120922
0.0152177
0.012199
0.0115719
0.0154258
0.0132611
0.0104156
0.0141483
0.0140718
0.0141193
0.0109471
0.0109679
0.0127664
0.0103416
0.0118792
0.0111253
0.0144018
0.0125904
0.0104697
0.00971105
0.0130539
0.0129565
0.0125453
0.0181451
0.0161782
0.0132287
0.01333
0.0168373
0.00740414
0.0111581
0.0151712
0.0126049
0.018471
0.0132823
0.0149959
0.0188743
0.0105589
0.0100238
0.0158732
0.0125593
0.0159135
0.0164135
0.0152059
0.012593
0.00873696
0.0128712
0.0102601
0.0103486
0.0144133
0.012435
0.0114102
0.0121332
0.0142969
0.0164486
0.0144866
0.0161735
0.0147779
0.00896792
0.0140924
0.016817
0.0106471
0.00969354
0.0139438
0.0164932
0.0118569
0.0132269
0.0146949
0.0101177
0.0135844
0.00844206
0.00983161
0.015521
0.0200716
0.0152812
0.0174055
0.0126659
0.0145842
0.0121211
0.0181816
0.0147222
0.0143454
0.0151269
0.0103935
0.00807703
0.0156735
0.0129751
0.0140151
0.0186478
0.0160671
0.0108165
0.0122627
0.0122214
0.00909665
0.0142197
0.0134774
0.0145825
0.0112604
0.0153342
0.018132
0.0158991
0.0154951
0.0150116
0.0115323
0.0147801
0.0148462
0.0140592
0.0153316
0.0181181
0.0100549
0.0158415
0.010444
0.0144503
0.0134085
0.0122619
0.0137705
0.00969213
0.0141898
0.0123569
0.0159158
0.0103352
0.0119328
0.0170576
0.0140244
0.0125211
0.0191039
0.0132118
0.0127844
0.0148399
0.0116912
0.0144663
0.0098443
0.0139271
0.0144102
0.0170225
0.0147137
0.0146623
0.0140469
0.0127137
0.00924109
0.016109
0.0131542
0.0166376
0.0112939
0.0140882
0.0132991
0.0142444
0.016747
0.0185096
0.0126678
0.0123448
0.0145165
0.0164723
0.0145532
0.0123739
0.0116837
0.0126568
0.012031
0.0137684
0.0119258
0.0188087
0.0116711
0.0157219
0.0134629
0.0177756
0.0142806
0.0168332
0.0177692
0.0128689
0.0142474
0.0180488
0.0126272
0.00920761
0.0127783
0.0104918
0.0127755
0.015596
0.0174117
0.0113837
0.0216265
0.0115561
0.014079
0.01437
0.011763
0.0142421
0.012324
0.0120368
0.016134
0.0145395
0.0116868
0.0129139
0.017208
0.0119819
0.012778
0.0142883
0.0125151
0.00984554
0.0134377
0.012141
0.0120915
0.00756673
0.0138178
0.0123732
0.0108102
0.0128716
0.0142616
0.0126569
0.0131879
0.0133093
0.013745
0.0159445
0.0146376
0.0119849
0.0136406
0.0143376
0.0143191
0.0150969
0.0136539
0.0129695
0.0128855
0.0170339
0.0159392
0.0136255
0.0127771
0.014952
0.0177821
0.010681
0.0130513
0.0169721
0.0156479
0.0179999
0.0130455
0.0117523
0.0163066
0.0148092
0.0196228
0.0167401
0.0119648
0.00941774
0.0146221
0.0128406
0.0127837
0.0108649
0.0114875
0.0140329
0.0156655
0.0122917
0.0103607
0.0158466
0.0105371
0.0123061
0.0104029
0.0125704
0.0160427
0.0117676
0.0129149
0.0126525
0.0144325
0.0148394
0.012557
0.0097381
0.0150517
0.0123317
0.0126795
0.00953361
0.0104339
0.015232
0.0160902
0.014495
0.0141124
0.0162565
0.01189
0.0113587
0.0148478
0.0139421
0.0163107
0.0173527
0.0125893
0.0126357
0.0151518
0.0110313
0.0139565
0.0088676
0.0142399
0.0140337
0.0112662
0.014567
0.0122814
0.0114705
0.0163641
0.0128309
0.0128488
0.0126908
0.0103475
0.0105604
0.010291
0.00939198
0.0154164
0.0156062
0.0127793
0.0148638
0.0125153
0.0100953
0.0113727
0.014954
0.011643
0.0153542
0.0130688
0.0133536
0.0106472
0.0136607
0.0166787
0.0124287
0.0124903
0.0122208
0.0115479
0.0125474
0.0141597
0.0180885
0.0151692
0.0138007
0.0135858
0.0114438
0.0142363
0.0185968
0.0143918
0.0129785
0.0112644
0.0124737
0.00914469
0.0153055
0.0124375
0.0124743
0.0153625
0.00796648
0.0128702
0.0114799
0.0171458
0.0159489
0.0142698
0.0168892
0.0169224
0.0136749
0.0144966
0.014939
0.0124956
0.0130203
0.0150259
0.0127726
0.0145082
0.0130279
0.0173895
0.0108311
0.015129
0.0192271
0.0151961
0.0166771
0.0121979
0.0112993
0.010141
0.0126199
0.0175806
0.00869239
0.0108571
0.0111038
0.0169626
0.0110784
0.0135835
0.0123346
0.0115632
0.0148005
0.0132055
0.0151781
0.0135538
0.0172951
0.0144808
0.0145787
0.0115282
0.0125964
0.0129306
0.0131923
0.0153611
0.0104103
0.0128208
0.0122103
0.012658
0.0123671
0.012475
0.0117471
0.0166951
0.0119706
0.012506
0.0119499
0.0130167
0.010046
0.0116172
0.0133273
0.0132557
0.0130182
0.0119275
0.016324
0.0139286
0.0159517
0.0113907
0.010947
0.0141647
0.00825772
0.011433
0.0114537
0.0141932
0.0176814
0.0163021
0.0152058
0.0143731
0.010805
0.0136343
0.0154312
0.010791
0.0149954
0.0118239
0.0101365
0.0162494
0.00878294
0.0163709
0.0151762
0.0128434
0.0104539
0.0139727
0.0174704
0.0128336
0.00801473
0.0112202
0.013527
0.0168414
0.00845839
0.0128228
0.0107349
0.0131289
0.0163166
0.0116965
0.0147247
0.0147461
0.0116978
0.0149039
0.0147316
0.0208266
0.0154111
0.00962105
0.0172872
0.0148752
0.0134747
0.023363
0.0173702
0.0116451
0.0140097
0.0136787
0.0118184
0.00930376
0.0136091
0.0167924
0.0192953
0.00998042
0.0104795
0.0111262
0.0131176
0.0117432
0.0163519
0.0197733
0.011578
0.0161179
0.0159367
0.0136557
0.0110888
0.0100262
0.0155
0.0105536
0.0150191
0.0114435
0.0129284
0.0150308
0.0111535
0.0155566
0.0145349
0.0132387
0.0140169
0.014838
0.0112212
0.0119802
0.0155742
0.0138181
0.0102888
0.0114674
0.00965104
0.0132849
0.013371
0.01158
0.0109022
0.0142118
0.0191791
0.0144681
0.0117889
0.0109687
0.0138562
0.0180389
0.0158376
0.016159
0.010216
0.019213
0.0120648
0.0159294
0.0161405
0.0102103
0.0204648
0.0165817
0.00938026
0.0130206
0.013271
0.0165214
0.01421
0.0133003
0.0133028
0.0129043
0.0123611
0.01901
0.0120077
0.013567
0.0158002
0.0167649
0.0129073
0.0148921
0.0135949
0.0153958
0.0123857
0.0129726
0.0110431
0.0101691
0.0131762
0.0132924
0.0151673
0.0157241
0.0117522
0.0146669
0.00923366
0.0123917
0.0107431
0.00856143
0.0109934
0.0134071
0.0124916
0.0159171
0.0218165
0.0138815
0.0102436
0.0111782
0.0115453
0.0141967
0.0128379
0.0114513
0.0144587
0.0168044
0.0139438
0.0118283
0.0122025
0.0143759
0.0131768
0.0120495
0.016073
0.0174945
0.0113713
0.0117971
0.0148357
0.0161944
0.0119311
0.0143347
0.0133682
0.0158185
0.0151611
0.0116223
0.0144868
0.0175948
0.0117552
0.013474
0.0184812
0.0135526
0.0136064
0.0128032
0.0128069
0.00990456
0.0220847
0.0137845
0.0135628
0.0164578
0.0113451
0.0116471
0.0131503
0.0133485
0.0116506
0.00842566
0.0106847
0.0129659
0.0120445
0.0130005
0.0141557
0.0093452
0.0162838
0.0109457
0.0113456
0.0154216
0.0164914
0.0163961
0.0172517
0.0124725
0.0125337
0.0104252
0.0126459
0.0136312
0.011094
0.0164979
0.0165353
0.00982655
0.0154812
0.0123666
0.0150535
0.0131391
0.0150255
0.0174478
0.0161656
0.0110075
0.0129326
0.00732314
0.0153507
0.0129654
0.0138166
0.0123532
0.0104791
0.0152036
0.00871515
0.0158169
0.0138502
0.00982128
0.0112555
0.0140155
0.0128156
0.0150264
0.0116331
0.0130282
0.0177528
0.0127821
0.01161
0.0173726
0.0113301
0.014819
0.0123457
0.013691
0.0164859
0.0131066
0.0117825
0.0159773
0.0130631
0.0126364
0.0150838
0.0160492
0.015886
0.0144164
0.0133165
0.0127083
0.013817
0.0125917
0.0135261
0.0130117
0.0151405
0.0118675
0.0133878
0.0121623
0.0110302
0.0106362
0.016615
0.0130175
0.01495
0.0142724
0.0173387
0.0123037
0.0128615
0.0107457
0.00858449
0.0121016
0.0107996
0.0141186
0.0132937
0.0171726
0.0108603
0.0150955
0.0178804
0.0135462
0.0163295
0.01501
0.0108797
0.011232
0.0154934
0.0130542
0.0157415
0.0152125
0.0147083
0.00972951
0.0122242
0.0202236
0.0128451
0.0194152
0.0128104
0.0122444
0.0160218
0.0127806
0.0129063
0.0143766
0.0148288
0.010501
0.0130752
0.0118492
0.00965258
0.0167022
0.0108404
0.0149797
0.0141132
0.0122611
0.0117955
0.0140462
0.0109677
0.0146681
0.0112393
0.0155046
0.00949572
0.0128104
0.0130868
0.0127915
0.0139183
0.00988553
0.0102595
0.0106821
0.0116737
0.0139512
0.0110995
0.0177133
0.0142326
0.0121579
0.0152869
0.0176365
0.0107078
0.0188935
0.0153762
0.0120153
0.0148614
0.0121999
0.0161763
0.011175
0.00909658
0.0157623
0.0100215
0.0179838
0.0180951
0.0128443
0.012733
0.0126911
0.0108708
0.0132098
0.0154271
0.0144761
0.0113371
0.0180888
0.0110152
0.013955
0.0120065
0.0136123
0.0152949
0.0133911
0.0123632
0.0102423
0.0134153
0.0130293
0.0146177
0.0168998
0.0107846
0.0130771
0.0115519
0.0097627
0.0118445
0.0119775
0.0122491
0.0117244
0.0140519
0.0109162
0.0153109
0.0116899
0.0104545
0.0121107
0.0148939
0.0136742
0.0171972
0.0140611
0.013247
0.0134698
0.0122696
0.0112263
0.0148308
0.0128081
0.015351
0.0158772
0.0123572
0.0141604
0.0141963
0.0163473
0.0134123
0.0157504
0.0122673
0.0126477
0.0130382
0.0124876
0.0131667
0.01143
0.0118026
0.0126099
0.0139458
0.0136314
0.0132007
0.0116309
0.0111756
0.0181324
0.0154166
0.0132616
0.0153285
0.0111931
0.0119054
0.0111798
0.0114636
0.0140341
0.0176107
0.0135221
0.0161191
0.0131295
0.0139999
0.0131287
0.0137506
0.0160676
0.0138203
0.0141461
0.0137525
0.0149662
0.013878
0.0125623
0.0154364
0.0141688
0.0144142
0.0166485
0.0145472
0.0102837
0.0137808
0.014342
0.00957475
0.0143656
0.0149469
0.0109819
0.0136785
0.00950466
0.0151218
0.012178
0.0150559
0.0109446
0.0117443
0.0121654
0.0126778
0.0112705
0.0123589
0.0112598
0.0180203
0.0127888
0.0154466
0.0112658
0.0120843
0.0101864
0.0143281
0.00934468
0.0129366
0.011338
0.0126611
0.0137343
0.0169586
0.0112296
0.0148427
0.0157178
0.00942105
0.0122624
0.0144247
0.00676748
0.011932
0.013788
0.0153011
0.0146403
0.0153935
0.0143621
0.0146816
0.00844016
0.0194913
0.0112626
0.00970381
0.0107987
0.0159521
0.0139473
0.0149777
0.0118451
0.0119303
0.00991868
0.0105064
0.0128373
0.0100521
0.0153437
0.0179921
0.0111043
0.00983859
0.0146334
0.0168573
0.0177793
0.0116969
0.0139482
0.0126733
0.0122194
0.0141913
0.0116436
0.0157428
0.011158
0.013188
0.016013
0.0146173
0.0129094
0.0126856
0.0197084
0.0144221
0.0136095
0.0124006
0.0121034
0.013449
0.0171751
0.015553
0.0107397
0.0132594
0.0163369
0.0145412
0.0130756
0.0136215
0.00968142
0.0149222
0.0105622
0.0154788
0.0129655
0.00932527
0.0103266
0.0166717
0.0149539
0.010493
0.01042
0.00885073
0.0108699
0.0162937
0.0118435
0.0144039
0.0138055
0.0106504
0.0189714
0.0153755
0.0168313
0.00999011
0.016512
0.00956706
0.016996
0.0164504
0.0109675
0.0103456
0.0122524
0.015856
0.0136369
0.00977978
0.014732
0.0155833
0.0168511
0.0148536
0.00930553
0.0133172
0.0108569
0.0148356
0.0139995
0.013828
0.0132175
0.0136287
0.0174031
0.0118899
0.0102566
0.0135739
0.0114939
0.0133277
0.0134583
0.012206
0.0121899
0.0120867
0.0131566
0.0134799
0.017077
0.010129
0.0123197
0.0138918
0.0157441
0.0108555
0.017343
0.0134305
0.0147727
0.0113543
0.0152525
0.0123856
0.0140719
0.0106143
0.010323
0.00961997
0.0135371
0.01345
0.0143858
0.0164624
0.0114984
0.00977949
0.013024
0.0175421
0.0105484
0.0147168
0.0138937
0.0150714
0.0115861
0.0116111
0.01379
0.0127411
0.0115695
0.00851147
0.0118298
0.0112982
0.0157024
0.00860005
0.0116688
0.0115082
0.0125353
0.0107018
0.0181929
0.0139815
0.0106207
0.0171844
0.0154473
0.0115861
0.013713
0.0154186
0.0149196
0.0154089
0.011453
0.0117305
0.0142159
0.0150489
0.0148451
0.0129756
0.0144725
0.0121131
0.0155637
0.0130697
0.0141246
0.0130072
0.0146102
0.0115113
0.0109889
0.0155017
0.0122656
0.0138019
0.0126539
0.0129792
0.0145076
0.0127983
0.0126042
0.0113013
0.0140548
0.0147093
0.0134852
0.0157286
0.0102384
0.014835
0.0121548
0.0111246
0.012336
0.0107514
0.00765035
0.0150027
0.0143885
0.0123032
0.00983915
0.0139897
0.0122941
0.0120784
0.0146496
0.0149824
0.0109348
0.0119844
0.017153
0.0146829
0.0168346
0.0134954
0.0121539
0.0193677
0.0186259
0.0112517
0.0134298
0.0117976
0.0108677
0.0175741
0.0147402
0.0123426
0.0135776
0.0126114
0.0121555
0.0120379
0.0163733
0.0133807
0.0119384
0.0111913
0.0137554
0.0135407
0.0162127
0.0145196
0.0161391
0.0125956
0.012317
0.0134098
0.0106188
0.0137632
0.013056
0.0155258
0.0182552
0.0168534
0.012555
0.0101839
0.0164193
0.0153656
0.0116038
0.0103588
0.0111351
0.0123039
0.0143065
0.0117665
0.0103712
0.00998466
0.0120062
0.0105037
0.0133772
0.0137543
0.013979
0.0111724
0.0140512
0.0128705
0.0125436
0.0161799
0.0166821
0.0129706
0.00893241
0.0142883
0.0155278
0.0127055
0.0129092
0.0158688
0.0142474
0.0133227
0.0105463
0.0166009
0.015508
0.0150595
0.0168609
0.0116078
0.0127259
0.0149444
0.0133188
0.0190041
0.0133322
0.0191547
0.0168211
0.013309
0.0113316
0.01363
0.0101725
0.00639526
0.0105704
0.012793
0.0135762
0.0120385
0.012982
0.0132608
0.0145091
0.0146523
0.0124096
0.0135504
0.018233
0.0153138
0.0149493
0.0120376
0.0131066
0.0142347
0.0162247
0.0128991
0.0182447
0.0172678
0.0118251
0.017276
0.0125837
0.0184401
0.0142359
0.0109416
0.0100974
0.014757
0.015808
0.013034
0.0120736
0.0152339
0.0160833
0.0117587
0.020301
0.00922837
0.0121152
0.0135534
0.0113052
0.0125354
0.00723394
0.0148461
0.0155368
0.0132766
0.0115291
0.0130115
0.0130194
0.0113107
0.015812
0.0133917
0.0116933
0.0156802
0.0157343
0.0111308
0.0104071
0.0112514
0.0096128
0.0111517
0.0151788
0.0134082
0.0155942
0.0116456
0.0115525
0.0140693
0.0154743
0.0129632
0.0126015
0.0169726
0.0137621
0.0159325
0.0129659
0.0169408
0.0122334
0.011575
0.0133644
0.0138519
0.0161705
0.0153039
0.0121118
0.0146563
0.012682
0.0145011
0.0151508
0.0198884
0.019268
0.0141337
0.012193
0.0140564
0.0118183
0.00954409
0.0133628
0.00958059
0.0151361
0.0136254
0.0151139
0.0180619
0.0110713
0.0122074
0.0134467
0.0161709
0.0150176
0.0136435
0.0139671
0.0143618
0.0155521
0.013578
0.0128525
0.0148332
0.0127058
0.0164537
0.0115611
0.0171167
0.0128043
0.0124603
0.0138253
0.0122154
0.0106682
0.0128768
0.0103032
0.0170859
0.0109594
0.0132732
0.0171077
0.00967349
0.0124978
0.013598
0.0137766
0.0152034
0.0167938
0.0142811
0.0183535
0.0138424
0.0137537
0.0163102
0.0103159
0.0137022
0.0116852
0.013809
0.0146888
0.0144675
0.0115602
0.0171265
0.0119365
0.0122854
0.0116385
0.00923062
0.0142385
0.0138178
0.0140019
0.0139621
0.0159135
0.0151907
0.0116734
0.00747507
0.0150383
0.0125406
0.0131721
0.0114493
0.0117076
0.0121919
0.0134869
0.0118831
0.0121778
0.014274
0.0109691
0.0161597
0.0188515
0.0113993
0.0129759
0.0123615
0.0107738
0.0123487
0.010517
0.0177125
0.0160145
0.0100986
0.0159531
0.0148654
0.0170988
0.0113018
0.0140649
0.0162084
0.0131995
0.0180996
0.0154616
0.0103273
0.0147528
0.0119046
0.0121145
0.0136386
0.00998339
0.0172539
0.0127968
0.0118621
0.00978284
0.0127607
0.0115346
0.0171631
0.0130576
0.0119798
0.0119895
0.012068
0.0178297
0.0180457
0.0115212
0.00738622
0.0149627
0.0119493
0.0151948
0.0104332
0.0122887
0.0147023
0.0113996
0.0168636
0.0140761
0.0121689
0.0103576
0.0145577
0.0106948
0.0140667
0.0157737
0.0128106
0.0116343
0.00732783
0.0132385
0.0126301
0.0159433
0.0136122
0.0116475
0.0183182
0.0162995
0.0112985
0.0149791
0.0126354
0.0149762
0.0128695
0.0142104
0.0199411
0.0125799
0.0126813
0.0119699
0.010099
0.0138879
0.0143431
0.0161298
0.0140734
0.0115283
0.01549
0.0137569
0.0128388
0.0131607
0.0133166
0.0103211
0.0130845
0.0142017
0.015259
0.0127646
0.0105105
0.0150702
0.0131265
0.0153039
0.0110125
0.0182347
0.011049
0.0118822
0.0144889
0.00938018
0.0145408
0.0138739
0.00900784
0.0130297
0.0098919
0.0128505
0.0142671
0.0138647
0.0116468
0.0146285
0.0111427
0.0116042
0.0165144
0.0139862
0.0112677
0.00970065
0.0110226
0.012394
0.0142665
0.0154531
0.0133847
0.011348
0.0110968
0.0141466
0.0133904
0.0173488
0.0138272
0.0133892
0.00976751
0.0179394
0.00893089
0.0130329
0.0096161
0.015358
0.0144759
0.0105832
0.0163567
0.010392
0.0116831
0.0117459
0.0184581
0.0147682
0.0129399
0.00734055
0.0153161
0.0156012
0.0110298
0.0153945
0.0194908
0.0142131
0.0161259
0.0141149
0.0154872
0.0126215
0.0125637
0.0139862
0.011509
0.0116373
0.0128052
0.0153689
0.0194403
0.0104416
0.0117545
0.0139672
0.0184329
0.0133628
0.0110236
0.0156608
0.0129401
0.0141873
0.0156444
0.0144258
0.0132586
0.017003
0.0101479
0.011148
0.011678
0.0155268
0.0137915
0.0104686
0.0108753
0.0080686
0.0136972
0.0104462
0.00950615
0.0112705
0.0135435
0.0117698
0.00962873
0.0180702
0.014652
0.0143436
0.0169669
0.0123045
0.0115582
0.0195605
0.0164448
0.0175561
0.0141606
0.0156895
0.0114177
0.0130441
0.0170141
0.0130427
0.00896443
0.0144914
0.0105408
0.0115581
0.0128062
0.0161926
0.0107856
0.0118014
0.0133757
0.0145012
0.0126316
0.0120181
0.00856868
0.0126924
0.0118592
0.0143083
0.0171609
0.00979209
0.0107568
0.01073
0.0106978
0.0110489
0.0154122
0.0125116
0.0129049
0.0129654
0.0142634
0.0117522
0.0145341
0.0163635
0.0157809
0.0139445
0.0132489
0.0106064
0.0128272
0.013001
0.0165231
0.0151503
0.0148081
0.01514
0.0158664
0.0152926
0.0129012
0.0126771
0.0112858
0.0122371
0.0126366
0.0145008
0.017561
0.0107141
0.0201745
0.0126758
0.0101263
0.011865
0.00906379
0.016758
0.0152075
0.0169322
0.0107321
0.0137338
0.0109646
0.0126324
0.00974136
0.0150468
0.0125154
0.0164053
0.0125832
0.0115692
0.0157769
0.0132097
0.00975725
0.0101872
0.00984099
0.0131112
0.0144932
0.0130569
0.0118852
0.0168105
0.01439
0.0202895
0.0163338
0.00953652
0.0141721
0.0150859
0.0123238
0.0158865
0.0157538
0.0136348
0.0130604
0.0134046
0.0130836
0.011957
0.0160556
0.010913
0.011779
0.0127007
0.0117556
0.0116105
0.0126537
0.0176569
0.00762087
0.0126263
0.0149848
0.0179454
0.0136004
0.0124129
0.0138977
0.0157338
0.014327
0.0186057
0.00993407
0.0183372
0.0132907
0.0115086
0.0141337
0.0118276
0.00915987
0.012856
0.0133195
0.0131497
0.00967346
0.010439
0.00886286
0.00759174
0.0130249
0.0120423
0.0128314
0.0158357
0.00992933
0.0136178
0.012532
0.0112828
0.0112076
0.0112282
0.01338
0.0145291
0.00879879
0.0125862
0.00959084
0.0129698
0.0166523
0.0101171
0.00893147
0.0161503
0.00865252
0.0147189
0.0118327
0.0137515
0.0117615
0.0104413
0.0116006
0.0129912
0.0172757
0.0125674
0.0125687
0.00878497
0.0165311
0.0125573
0.0148661
0.0174093
0.0132486
0.0155098
0.0135593
0.0134159
0.0163806
0.00771309
0.0132209
0.00953154
0.0126956
0.0149546
0.010004
0.0164567
0.0115628
0.0120586
0.0139586
0.0127341
0.0121735
0.00967805
0.019419
0.0110759
0.0148068
0.015369
0.0115151
0.0133535
0.0141733
0.0140989
0.0104741
0.0118676
0.0149413
0.0167155
0.0140122
0.0130812
0.0120821
0.0128869
0.0115278
0.0154604
0.0118344
0.0190664
0.0107136
0.0120842
0.0209974
0.0135389
0.0123988
0.0144826
0.0109662
0.0144273
0.0122762
0.0139372
0.0135773
0.0134545
0.0085052
0.0105549
0.0168282
0.0143346
0.0169279
0.0138905
0.0122084
0.0131168
0.0173328
0.0137071
0.014536
0.0123055
0.0118184
0.0141747
0.0119804
0.0175699
0.0136301
0.0167859
0.0179403
0.0165635
0.0152003
0.0117139
0.0128681
0.0147361
0.0136778
0.0136135
0.0116477
0.0104796
0.0144336
0.00767493
0.0159272
0.0114632
0.0109071
0.0135003
0.0132231
0.0107367
0.0136427
0.0152789
0.00834776
0.0171211
0.00957522
0.0121925
0.0154908
0.0122523
0.0163679
0.0117394
0.00960399
0.0146481
0.0143503
0.0154516
0.013185
0.0107818
0.0112082
0.01542
0.0136051
0.00993394
0.0115669
0.0164355
0.0113861
0.0110908
0.0122725
0.0113443
0.0150319
0.0172775
0.0138316
0.0116539
0.0145541
0.0138559
0.0191125
0.0115896
0.00971064
0.0116204
0.0121071
0.0134877
0.01092
0.0146349
0.0142801
0.0146708
0.0157631
0.00824443
0.0131743
0.0147012
0.0136599
0.0112156
0.0137702
0.013284
0.0145983
0.0102714
0.0129608
0.0123309
0.013503
0.0173565
0.0124301
0.0128801
0.0109387
0.0162824
0.0105056
0.0110014
0.0108611
0.0113972
0.0136605
0.0149819
0.0126879
0.0175208
0.0129864
0.0104163
0.0131654
0.0126569
0.0130664
0.0103171
0.0190304
0.0138665
0.0107279
0.0121635
0.0128032
0.0135945
0.0105977
0.0124451
0.0120573
0.0120302
0.0120006
0.0144396
0.0151456
0.0126357
0.0138962
0.0166638
0.0126804
0.0143272
0.0138871
0.012035
0.0142203
0.0115573
0.0132179
0.0132851
0.013881
0.0122259
0.0164592
0.0135266
0.0170477
0.0148795
0.0097088
0.0122408
0.0145657
0.0158702
0.0135824
0.0156511
0.0142867
0.0146519
0.0150601
0.00841233
0.0183468
0.0161216
0.0126302
0.010248
0.0116113
0.0132406
0.0104838
0.0144421
0.01803
0.0104356
0.0144056
0.0107006
0.0148752
0.0114942
0.0238147
0.0160879
0.0132195
0.0130273
0.0121861
0.0120031
0.0147636
0.0116906
0.0145507
0.0176234
0.0128994
0.0152761
0.0125407
0.0172576
0.0173083
0.0175981
0.0163339
0.0141842
0.0117032
0.0123607
0.0117386
0.0135848
0.00838406
0.0118053
0.0137388
0.0155989
0.0134317
0.0112893
0.0105396
0.0127145
0.0123713
0.0121953
0.0156585
0.0127664
0.0161763
0.0136036
0.013805
0.0103721
0.0130324
0.0102519
0.0140237
0.0149371
0.0116376
0.00960565
0.0145452
0.00950569
0.0150024
0.0141563
0.0151244
0.0100671
0.0104722
0.0119097
0.0102418
0.0117104
0.00963778
0.0150754
0.0144373
0.0128395
0.0159674
0.0164713
0.0170374
0.0148162
0.0196628
0.0117423
0.0123523
0.0104637
0.0136599
0.0140168
0.0184483
0.015679
0.0149297
0.0164881
0.0177596
0.0175128
0.0113232
0.0114399
0.0151922
0.0119261
0.0115508
0.0119876
0.00951218
0.0135776
0.0126199
0.0173881
0.0154928
0.0129102
0.0121385
0.0101879
0.0162101
0.016506
0.0114813
0.0121779
0.013663
0.01781
0.0147178
0.0132796
0.0123325
0.010235
0.0150938
0.013862
0.010666
0.0100811
0.00978665
0.0106698
0.014642
0.0108331
0.0102737
0.0104619
0.0138154
0.00922765
0.0121688
0.01393
0.0157285
0.0113146
0.0163759
0.0123825
0.0126893
0.0180845
0.0132808
0.0112749
0.0152107
0.0135009
0.0123684
0.00601069
0.00962051
0.0174811
0.0126355
0.0138804
0.0105404
0.0183383
0.0121914
0.0126584
0.00921792
0.0143195
0.0126199
0.0137636
0.0152803
0.0126859
0.0126678
0.0144155
0.0114495
0.0156826
0.0166806
0.0171004
0.0182659
0.0158261
0.0141163
0.0101576
0.0149703
0.0116382
0.00840117
0.0142091
0.0126562
0.0149193
0.0170608
0.0133396
0.0145073
0.00903797
0.0161413
0.011281
0.0139371
0.0163992
0.014279
0.0136354
0.0141218
0.0166675
0.0118907
0.0126341
0.0158219
0.0145972
0.0123793
0.0166842
0.00971074
0.0206963
0.0114705
0.016014
0.0140395
0.0109483
0.0139963
0.00955793
0.0121648
0.0102601
0.0107629
0.0139369
0.0116167
0.006424
0.0101871
0.0168183
0.0128189
0.0120217
0.0124826
0.0157423
0.0138272
0.0130499
0.0119855
0.0120743
0.0139488
0.0147051
0.0107248
0.0141294
0.0123845
0.0121165
0.0114894
0.0119581
0.0130484
0.00818915
0.0120195
0.0143838
0.0156654
0.010467
0.0109007
0.0140464
0.0109902
0.0112415
0.0147364
0.0127737
0.0129999
0.0146782
0.0143609
0.0143288
0.0137528
0.0121507
0.0166989
0.016208
0.00818609
0.0176783
0.00871704
0.0130935
0.0139756
0.0144769
0.0165151
0.0123565
0.0140457
0.0115382
0.0114289
0.0121717
0.0146938
0.0135237
0.0125979
0.0102239
0.0126661
0.0165709
0.0126101
0.014049
0.0135147
0.0142458
0.0161885
0.0109116
0.0136849
0.0150796
0.00962017
0.013449
0.0151461
0.0109308
0.0130024
0.0132545
0.0118166
0.0145059
0.00772901
0.0106842
0.0135078
0.0119867
0.0118722
0.0135049
0.0149273
0.0114276
0.0131991
0.0128638
0.0114798
0.0115174
0.0154897
0.0120959
0.0141571
0.0112469
0.0116827
0.0134419
0.0110445
0.0111006
0.0110651
0.0175401
0.0127469
0.0086384
0.0108301
0.0146303
0.0142601
0.0131749
0.0120664
0.0128334
0.0161751
0.0160586
0.0100197
0.015466
0.0134438
0.0121311
0.0112459
0.0133233
0.0129596
0.0140807
0.016042
0.0119672
0.0125005
0.015289
0.00983772
0.0142078
0.0157638
0.0119039
0.0147756
0.0143117
0.016307
0.0174309
0.0113723
0.0121464
0.0114446
0.0119391
0.0158066
0.0120298
0.00726513
0.0117578
0.0112447
0.0101348
0.0130658
0.0141938
0.0157648
0.0136987
0.0135054
0.01474
0.0117675
0.00996343
0.0144709
0.0133228
0.0148909
0.0110882
0.0143033
0.0105991
0.0131918
0.0112303
0.0160138
0.0125015
0.00903432
0.0118328
0.0122995
0.0164807
0.0130547
0.0123733
0.00844442
0.0221068
0.0105243
0.0170151
0.013064
0.0119421
0.0144669
0.0143249
0.0102556
0.0106854
0.0135885
0.0116019
0.0100851
0.0114714
0.0123552
0.0109284
0.0125873
0.0126119
0.0121684
0.0124626
0.008668
0.0142379
0.0130428
0.0131379
0.0104114
0.0137663
0.0125412
0.0100121
0.0137245
0.0109867
0.00994229
0.0147471
0.0114793
0.0121218
0.0137514
0.0187804
0.0118458
0.0145681
0.0129288
0.0131698
0.0113539
0.0161016
0.0141004
0.0135348
0.0149221
0.0134552
0.0148545
0.0176748
0.0118464
0.0130975
0.0142651
0.0148445
0.0165321
0.0135
0.0108955
0.0108434
0.0147704
0.014718
0.0135311
0.011787
0.0112452
0.0141015
0.0134419
0.0167741
0.012777
0.0158162
0.0150467
0.0137326
0.0149027
0.0141674
0.014574
0.0183042
0.0157186
0.016051
0.0103938
0.014326
0.0132076
0.0117723
0.0149654
0.0131514
0.0126418
0.0152963
0.0114692
0.0121587
0.0130593
0.0163455
0.0166977
0.0125591
0.0110693
0.0110002
0.0104451
0.0155349
0.0112747
0.0100741
0.0154953
0.014954
0.018023
0.016098
0.0189342
0.0126648
0.0132077
0.012526
0.0146399
0.0129787
0.0129137
0.0157575
0.012653
0.0154727
0.0107048
0.0129804
0.0112141
0.0165501
0.0121989
0.0113861
0.0105637
0.0159372
0.0129874
0.0162462
0.0112726
0.01001
0.0155769
0.0109937
0.0131718
0.0121211
0.0140492
0.01178
0.0129477
0.01566
0.0164134
0.013654
0.0131978
0.0170706
0.0135866
0.0145149
0.0154393
0.0144659
0.0150784
0.0148016
0.0135812
0.0114308
0.0209073
0.0148101
0.013054
0.0120349
0.0110814
0.00922354
0.0141428
0.0133132
0.0124415
0.0136426
0.0100369
0.0149774
0.0117031
0.0161875
0.0105636
0.0144604
0.0116662
0.0115819
0.0132203
0.012208
0.0130826
0.0143682
0.010462
0.0116874
0.0115934
0.0161339
0.0126126
0.0126756
0.00923077
0.0129215
0.0131303
0.00819713
0.013624
0.0154381
0.0153921
0.0135432
0.0148597
0.014757
0.0121458
0.0161858
0.0155983
0.0126109
0.0106402
0.0162311
0.0123588
0.0200951
0.0126257
0.0151428
0.0165935
0.0177858
0.0108633
0.0142588
0.00989268
0.0180968
0.0141905
0.0172977
0.00940225
0.0165598
0.0145404
0.0119151
0.0120797
0.0151812
0.0163231
0.0116704
0.00847583
0.0170954
0.0101788
0.00852603
0.0112217
0.0132907
0.0153516
0.0126674
0.0122414
0.0120067
0.014996
0.0180863
0.0136799
0.0142892
0.0147848
0.0134974
0.0125429
0.0144099
0.0164658
0.0151012
0.0104019
0.0158134
0.0146076
0.0121869
0.0134844
0.0136366
0.0159916
0.0166599
0.0110344
0.0111575
0.0133543
0.0155856
0.0120929
0.019673
0.0154027
0.016936
0.0135016
0.0170717
0.00825816
0.0136499
0.0132557
0.0114158
0.0143369
0.0139085
0.0164561
0.0135097
0.0133534
0.0103382
0.0123542
0.0119621
0.013359
0.0136591
0.0147662
0.0127128
0.0191054
0.0164569
0.0129778
0.0149468
0.0146419
0.00994035
0.0104729
0.0148697
0.0110391
0.0117512
0.013569
0.0119764
0.0120914
0.0125487
0.0145871
0.0107515
0.00959211
0.0116716
0.013185
0.0137401
0.0105373
0.0135959
0.0149621
0.0194148
0.0152966
0.0106825
0.0147941
0.0116851
0.0114182
0.0107971
0.0139507
0.0157237
0.0169268
0.015733
0.0142063
0.0124087
0.0119876
0.0117284
0.0175016
0.0119939
0.01042
0.0104811
0.0121478
0.0112573
0.0160619
0.0126964
0.0117389
0.0167923
0.0149587
0.0149542
0.0145351
0.0162108
0.0139989
0.0102267
0.0140202
0.013752
0.011305
0.00876539
0.0108167
0.0111643
0.0118669
0.011242
0.0119775
0.0146826
0.0104703
0.0205942
0.0156637
0.00843186
0.0135345
0.0112695
0.00958909
0.0151525
0.00990395
0.0119943
0.0162584
0.0158865
0.0118671
0.011745
0.0164806
0.0159775
0.0123747
0.0135036
0.0136667
0.0139527
0.0139015
0.0150955
0.00926931
0.0146194
0.0171032
0.0151497
0.0136111
0.0109036
0.00933132
0.00982855
0.0122011
0.0165571
0.0118225
0.0159992
0.0183116
0.010087
0.0115126
0.0117144
0.0128983
0.0131195
0.0168911
0.0143969
0.0131378
0.0129767
0.0141742
0.01615
0.0111557
0.0133975
0.0159698
0.0140266
0.0142159
0.0231204
0.012993
0.0142105
0.0176358
0.00988402
0.0106463
0.0123509
0.0158129
0.0157353
0.0141069
0.0184091
0.0181466
0.0115574
0.014016
0.0160705
0.0112359
0.015408
0.0120381
0.0126006
0.0151387
0.0104924
0.0129341
0.0139587
0.0105078
0.00905397
0.0148033
0.012104
0.0119881
0.012408
0.0109859
0.0112927
0.0122064
0.011836
0.0144629
0.0089871
0.0120169
0.0135931
0.00966703
0.0121923
0.0104565
0.0148151
0.0128162
0.0165762
0.00948737
0.00922927
0.0117466
0.0153497
0.0171224
0.0135703
0.0154991
0.0112675
0.0151416
0.0116365
0.0158056
0.014745
0.0121778
0.00971327
0.0124347
0.014392
0.0170096
0.0165289
0.0157798
0.0123289
0.0128858
0.012953
0.0129997
0.010207
0.0160315
0.0112604
0.0114978
0.0125057
0.0190173
0.0143421
0.012161
0.0142986
0.0140596
0.0150747
0.0116871
0.0135643
0.0178358
0.0108741
0.0120428
0.0173613
0.0123634
0.014561
0.0178246
0.0134192
0.00998224
0.012582
0.0128066
0.0143676
0.0148965
0.0118549
0.0100814
0.0134453
0.0155607
0.0109943
0.0144648
0.010975
0.0120415
0.0188952
0.0195761
0.0124183
0.0134474
0.0122233
0.0133632
0.0124546
0.0131272
0.0101594
0.0167827
0.0138989
0.0136144
0.0131475
0.0168995
0.0132519
0.0163833
0.0120331
0.0127306
0.00820135
0.0110076
0.00902183
0.0132257
0.0155942
0.0129066
0.0143424
0.0126771
0.01152
0.0128799
0.0134841
0.0131924
0.0139424
0.00980633
0.0132892
0.00745196
0.0125988
0.0129278
0.0162348
0.0134369
0.0137025
0.0111123
0.0157972
0.01497
0.0143281
0.0100806
0.0143331
0.0127455
0.0120848
0.0147606
0.0123733
0.0156974
0.0139013
0.0108171
0.0132528
0.0115566
0.0115523
0.0124792
0.0124043
0.0145012
0.00984642
0.0129204
0.0157301
0.0128189
0.0155404
0.0189607
0.0124689
0.0130428
0.011553
0.0128257
0.0139797
0.0145668
0.014882
0.0144882
0.0112118
0.011831
0.0149115
0.00946477
0.0132115
0.0119338
0.0135658
0.0113806
0.0142111
0.0186422
0.0144829
0.0113001
0.0100797
0.0098458
0.00910493
0.0147295
0.0160776
0.0129645
0.0143463
0.010649
0.0126802
0.00991734
0.014406
0.00888131
0.0108876
0.0127884
0.0167571
0.0111623
0.0117947
0.0137266
0.0107863
0.0156213
0.0127118
0.0132685
0.0135767
0.0113353
0.0127856
0.0107804
0.0119194
0.0111456
0.0133812
0.013926
0.0157231
0.0113604
0.0123702
0.0117124
0.0118795
0.0105378
0.0143735
0.0151446
0.0132669
0.0173099
0.0151971
0.014426
0.0113677
0.0101601
0.011348
0.0112228
0.012934
0.0110697
0.0114871
0.016262
0.0135369
0.0147734
0.0148409
0.0146988
0.0153464
0.0132272
0.0104709
0.0160528
0.00829778
0.0135033
0.0143292
0.0110088
0.0139879
0.0170609
0.0168713
0.016675
0.0130913
0.0117072
0.0129817
0.0124345
0.0128845
0.0117549
0.00945525
0.0165182
0.0124731
0.0167039
0.0124503
0.0149667
0.00792588
0.0188479
0.0114559
0.0122549
0.0170208
0.00779939
0.0208291
0.0106743
0.013758
0.0119358
0.017072
0.0108136
0.0146581
0.0144344
0.0126048
0.0112972
0.0123321
0.00914498
0.0132534
0.0112032
0.0137071
0.0150703
0.0113602
0.0168111
0.0191689
0.0127443
0.0154656
0.0113624
0.012285
0.0154405
0.0153413
0.0173569
0.0132302
0.0122976
0.0146501
0.0087367
0.012461
0.0147155
0.0102475
0.0103893
0.0112918
0.0185239
0.0136411
0.0139193
0.0105124
0.0145882
0.0104814
0.013906
0.0146078
0.0121584
0.0142277
0.0122321
0.0148666
0.0138886
0.0156004
0.0117208
0.0118206
0.012658
0.0138688
0.00941932
0.0118234
0.00975121
0.012334
0.0117461
0.0132969
0.0160182
0.0101635
0.0113495
0.0153244
0.0110819
0.0151112
0.0146487
0.0125827
0.0134634
0.0101476
0.00975698
0.0116702
0.0111414
0.017933
0.0100257
0.0134439
0.0113446
0.00919058
0.0119528
0.0112144
0.0156587
0.0112967
0.00701632
0.0154807
0.0133851
0.0166364
0.0148008
0.0127047
0.0143535
0.012707
0.00986365
0.0175444
0.0102652
0.0136703
0.0114361
0.0121903
0.00953909
0.0150757
0.0134042
0.00956815
0.0131906
0.0121221
0.010718
0.0126208
0.0137632
0.0121847
0.012501
0.0143186
0.0148045
0.01272
0.00976634
0.0114374
0.0124289
0.0102513
0.0148479
0.0122925
0.011722
0.0148127
0.0174743
0.0178092
0.00922997
0.0150433
0.0134456
0.0156409
0.0148019
0.010198
0.0138679
0.0100836
0.018437
0.0185442
0.00997709
0.00862893
0.0136325
0.0150177
0.0143268
0.0104245
0.0167752
0.0127879
0.0101353
0.0108906
0.0123843
0.0114884
0.0143061
0.014905
0.0127331
0.017266
0.0123151
0.0137356
0.0143372
0.0124038
0.0164208
0.0121697
0.0109211
0.0094111
0.017189
0.0103594
0.0131278
0.014899
0.0100069
0.0189187
0.0103581
0.0165239
0.0152459
0.0165387
0.0159209
0.0111316
0.018648
0.00852895
0.0135178
0.0106676
0.0077407
0.0123234
0.0119176
0.0157789
0.0175646
0.0101103
0.0150793
0.0108108
0.0115327
0.0113438
0.0126441
0.00939062
0.0180572
0.0082496
0.0126114
0.0130042
0.0126755
0.0208386
0.0155218
0.0131113
0.0177306
0.0101946
0.0155834
0.0113805
0.0172606
0.0109327
0.0128449
0.0123228
0.00829784
0.0103749
0.014238
0.0105603
0.0112336
0.0117663
0.0107474
0.0127673
0.0136234
0.0133358
0.010135
0.0207129
0.0156006
0.012155
0.0139674
0.0124819
0.0157336
0.0128173
0.0168399
0.0139667
0.0172016
0.0202754
0.0109005
0.0183688
0.0149874
0.0185764
0.016262
0.0143594
0.0159424
0.0157121
0.0154988
0.0151844
0.0151911
0.0115058
0.0134787
0.0106283
0.00910485
0.0113278
0.0138942
0.0122503
0.0119986
0.0150578
0.0136911
0.0123612
0.0172857
0.0162709
0.0182803
0.0119892
0.0114942
0.0105167
0.0165947
0.010682
0.0116898
0.016083
0.0127296
0.0113978
0.0114947
0.0141259
0.00854374
0.0145182
0.0169976
0.0122784
0.0151852
0.0106635
0.0149219
0.0107659
0.0122401
0.0118506
0.015024
0.0085271
0.0133625
0.0118154
0.00998363
0.0164822
0.0149562
0.0131452
0.0139756
0.0164912
0.0124731
0.0101159
0.0144368
0.0128276
0.0118142
0.0135713
0.0129757
0.0133438
0.0107429
0.0132742
0.0140058
0.0109882
0.0132821
0.0171843
0.0152428
0.0118684
0.013466
0.012643
0.0129329
0.0118525
0.01288
0.0124452
0.0177574
0.0135142
0.0116624
0.011808
0.01436
0.012891
0.0137094
0.0140732
0.00967178
0.0144328
0.0140774
0.0124355
0.0145431
0.0145836
0.0102517
0.012183
0.0135672
0.00924821
0.0168335
0.0140807
0.0146873
0.0139137
0.0182849
0.0165356
0.0117433
0.00949436
0.0111067
0.0120685
0.0139128
0.0155212
0.0160066
0.0147181
0.0136173
0.0108218
0.0166761
0.0154654
0.00839687
0.011552
0.0132366
0.0176861
0.0133951
0.0160267
0.0111905
0.0132559
0.0105928
0.0120278
0.00982373
0.0172717
0.0157832
0.01592
0.0134664
0.0127145
0.0103637
0.00984009
0.0154153
0.019665
0.0108948
0.0107929
0.00977598
0.0108269
0.0122212
0.00846177
0.0147147
0.0187118
0.0109725
0.0132962
0.016013
0.0125682
0.00854659
0.0126823
0.0161754
0.0112073
0.0105609
0.0113352
0.012062
0.0099249
0.0186164
0.0108307
0.00989462
0.0143882
0.0113047
0.0159397
0.0134727
0.011575
0.0136184
0.0131193
0.0136313
0.0193978
0.0141037
0.0147495
0.0132879
0.0138007
0.0137611
0.0100637
0.0120288
0.0113706
0.0115724
0.0123056
0.017359
0.00847964
0.0124723
0.0135633
0.0124619
0.0161737
0.0122386
0.0115615
0.0133507
0.0126243
0.0127359
0.0126594
0.0105825
0.0130747
0.0151223
0.0131455
0.0108439
0.0100111
0.011377
0.0150011
0.012052
0.0130478
0.0103499
0.0141951
0.0122204
0.0117202
0.0118241
0.0144211
0.0106801
0.0094476
0.0102196
0.00930755
0.0134577
0.0159793
0.0159598
0.0197701
0.0122653
0.0119411
0.0127644
0.0125129
0.0179288
0.0161931
0.0163366
0.0111105
0.0140708
0.0156769
0.0131216
0.0133282
0.00987474
0.0135719
0.0111662
0.0186921
0.0203508
0.0167995
0.0133063
0.0149242
0.0109631
0.0136915
0.0134236
0.0131319
0.0124955
0.0161396
0.012036
0.00986668
0.0166741
0.00877767
0.0108293
0.0143242
0.0167765
0.013116
0.0141568
0.0100016
0.017032
0.014682
0.0137219
0.0165124
0.0133841
0.0124906
0.0107074
0.0141239
0.015977
0.0139858
0.0121933
0.0148779
0.0100174
0.0139523
0.0141069
0.0153411
0.0140444
0.011701
0.0149366
0.0120048
0.0157102
0.0116351
0.0133014
0.0138045
0.00966441
0.0124094
0.0167433
0.0123237
0.0119014
0.0158018
0.00996956
0.0121191
0.0115946
0.0113771
0.0147776
0.0148879
0.0159855
0.0159955
0.0136521
0.0141061
0.0116856
0.0128721
0.0152976
0.0162285
0.0120847
0.0178623
0.0140477
0.00872683
0.00864758
0.0107155
0.0103383
0.0127071
0.0144732
0.0133083
0.0131575
0.0105489
0.0119365
0.0122346
0.0164599
0.0143295
0.0127221
0.0161505
0.0145184
0.0145414
0.0126201
0.013102
0.00964618
0.0132123
0.0126601
0.0157781
0.0125026
0.0134656
0.0127173
0.0126917
0.0146936
0.0126971
0.013663
0.0169002
0.0113654
0.0117422
0.0116336
0.00958626
0.0134535
0.00996128
0.014358
0.0159455
0.0100932
0.0137262
0.0119167
0.0121942
0.0124847
0.0129116
0.0153202
0.0148477
0.011256
0.0143931
0.013664
0.0198575
0.0187472
0.0158832
0.0101409
0.0131048
0.0128608
0.0154349
0.00997064
0.0131413
0.0116878
0.0117736
0.0154091
0.0132524
0.0146574
0.0119335
0.0148857
0.0126909
0.0142335
0.0122098
0.0112571
0.014744
0.0138269
0.00986048
0.0136658
0.0129685
0.0140579
0.0131261
0.0139748
0.0109589
0.0183652
0.0140659
0.0110534
0.0123261
0.016724
0.0105904
0.0155417
0.0124993
0.0153106
0.0150508
0.0133593
0.0101373
0.0111701
0.00734176
0.0184858
0.0113756
0.0130066
0.0113558
0.0126201
0.0140458
0.0111252
0.009663
0.0171478
0.0134031
0.0158832
0.0108848
0.0133169
0.0117123
0.0150578
0.0119283
0.0141906
0.00859564
0.00941822
0.0111957
0.0105062
0.0177875
0.0173971
0.0158507
0.0143396
0.0167619
0.0158471
0.0145011
0.00766863
0.0160459
0.0116834
0.0130757
0.0139208
0.0131754
0.0160494
0.0132319
0.0139361
0.0140267
0.0173583
0.0166408
0.013655
0.0113983
0.0148416
0.0124395
0.0122157
0.0120264
0.0110376
0.0189475
0.0095592
0.0137282
0.0143059
0.016526
0.0134747
0.0150232
0.0104855
0.00961785
0.0116877
0.0177427
0.0121049
0.0138431
0.0132924
0.0146983
0.0173884
0.0111904
0.0151083
0.010443
0.0121244
0.013291
0.019691
0.0129741
0.0163784
0.0106903
0.0112768
0.0121526
0.0138974
0.0104959
0.013022
0.00916935
0.012477
0.0140786
0.0110942
0.0142911
0.0130337
0.0126803
0.015262
0.0127659
0.0124452
0.0104331
0.0120675
0.0107893
0.0179617
0.0136902
0.0154166
0.0129776
0.0116039
0.0131602
0.0118972
0.0121749
0.0166369
0.014581
0.0118201
0.0133874
0.0109295
0.0137228
0.0172324
0.0132338
0.0127774
0.0144746
0.0159859
0.0121369
0.0106932
0.0186384
0.0113589
0.0111973
0.0170697
0.0147906
0.0145703
0.012929
0.0119309
0.0130415
0.0156156
0.0145329
0.0153071
0.0197061
0.0143264
0.0143978
0.0101754
0.0140844
0.0167542
0.0167931
0.010518
0.00957764
0.0142651
0.0127331
0.00924531
0.0173911
0.0121188
0.0162465
0.0106391
0.0153613
0.0132231
0.0170752
0.0103345
0.0130723
0.0111585
0.0127925
0.0110157
0.020091
0.0114151
0.0128356
0.0133908
0.0195539
0.0111239
0.0156208
0.0166047
0.0164924
0.0168111
0.0156381
0.0157253
0.014491
0.0129474
0.0163523
0.015144
0.0124038
0.0107257
0.0112632
0.011921
0.0135569
0.0153079
0.00990534
0.0104328
0.0170125
0.0149171
0.0141942
0.0156571
0.010792
0.0169958
0.0137246
0.0152077
0.0115419
0.0105199
0.0149102
0.0131656
0.0126318
0.0127589
0.00922307
0.0111688
0.0103349
0.0152407
0.0116244
0.0164694
0.0147819
0.0123411
0.0219741
0.0129085
0.011089
0.0113128
0.00983038
0.00848314
0.0103322
0.0147948
0.0131887
0.0158525
0.0108294
0.0159147
0.0147925
0.0105594
0.0106793
0.0138811
0.0161104
0.0162765
0.0108363
0.00965697
0.0123876
0.00981266
0.0142622
0.013851
0.0126531
0.0114307
0.0123203
0.0184079
0.0099372
0.0112023
0.00959528
0.0138747
0.0132037
0.0137232
0.0120987
0.0157532
0.015274
0.0152809
0.0126782
0.0158479
0.00800746
0.0178316
0.0134556
0.0143437
0.0149363
0.0130688
0.0108
0.0160054
0.00951724
0.0138735
0.0123196
0.0149407
0.0126623
0.0189147
0.0117535
0.0127197
0.0131062
0.0108704
0.0158621
0.0119878
0.0173256
0.0113738
0.0154441
0.0146325
0.017561
0.0150454
0.0141921
0.0159159
0.0114024
0.0122165
0.0156293
0.0137899
0.0126824
0.0146265
0.0125147
0.00947613
0.0111675
0.0153284
0.0142507
0.0163019
0.00715937
0.00940053
0.0136269
0.00997452
0.0124713
0.0134486
0.0100016
0.0180632
0.014016
0.0143749
0.0152089
0.0139514
0.0156939
0.0137024
0.0151062
0.0161273
0.0140592
0.0192344
0.0182807
0.0118077
0.0162361
0.0101414
0.0130679
0.0090975
0.00926836
0.00794006
0.0145679
0.0142603
0.0159855
0.0142132
0.0103094
0.0131427
0.0181349
0.00913603
0.0138565
0.0135121
0.015766
0.0135092
0.0103975
0.00894796
0.0122592
0.0115134
0.0125117
0.0133378
0.0150846
0.017382
0.0115059
0.0144678
0.0168419
0.0113086
0.0137393
0.00850168
0.0118437
0.0146561
0.0135356
0.0138907
0.0133765
0.0151576
0.0141415
0.0120472
0.0136945
0.0139443
0.0175625
0.015277
0.0200731
0.0195192
0.0123793
0.0163026
0.0105044
0.013194
0.0185577
0.0118907
0.0150213
0.0142423
0.0153354
0.0136892
0.0134164
0.0106058
0.0134018
0.0148511
0.0140706
0.013849
0.012577
0.00948914
0.0161434
0.0112797
0.0105674
0.0124444
0.00997529
0.00981805
0.0141303
0.0144061
0.0115624
0.0138694
0.0146227
0.0168708
0.0135678
0.00953081
0.0156688
0.0175592
0.0115049
0.0149396
0.0111432
0.0120044
0.0141677
0.0138176
0.0108676
0.0107705
0.0162338
0.0148652
0.0105861
0.016657
0.0123501
0.0116851
0.012985
0.0131187
0.0146735
0.0101204
0.0165115
0.0133855
0.0150104
0.01716
0.0162257
0.00915222
0.00937242
0.0129985
0.0123427
0.0100341
0.0134596
0.0133506
0.0107504
0.0139326
0.0107583
0.0156112
0.0157094
0.012453
0.0145274
0.00914525
0.0155296
0.0166232
0.0121981
0.0188482
0.0141451
0.0136042
0.0120387
0.0149632
0.0170585
0.0122541
0.0150088
0.0103044
0.0100656
0.00857755
0.00969252
0.0148518
0.0134506
0.0106661
0.0141092
0.00979811
0.0117387
0.0137176
0.0135416
0.0129765
0.0122581
0.0152451
0.0146917
0.0119499
0.0141341
0.0135694
0.010994
0.0166466
0.011023
0.0143163
0.015271
0.0107116
0.0137705
0.0178257
0.00980287
0.0128332
0.0139259
0.0140639
0.0103799
0.0118442
0.0128904
0.0160647
0.0147882
0.0133912
0.0151061
0.0104346
0.0172439
0.0153677
0.0169353
0.0114707
0.0108946
0.00836288
0.016037
0.0166762
0.0146767
0.0176568
0.0101882
0.0129442
0.0112657
0.0158119
0.0139532
0.0125783
0.0138038
0.0154013
0.0170715
0.0113116
0.013778
0.0125543
0.0125258
0.013712
0.0121156
0.0124047
0.0111656
0.0179055
0.0119397
0.0145065
0.013718
0.0137539
0.0117224
0.0166443
0.01374
0.00926419
0.0121693
0.0143282
0.0133121
0.0119306
0.014072
0.0170461
0.010517
0.00914304
0.0100735
0.00883875
0.0131575
0.0150599
0.00956392
0.0117012
0.0129596
0.013947
0.0172097
0.00749615
0.0148238
0.0186109
0.0151202
0.0206334
0.0130457
0.0129611
0.0133262
0.0148351
0.0144482
0.0147629
0.0140946
0.0108865
0.0101313
0.0126214
0.0134809
0.0124101
0.0128623
0.0122135
0.00969084
0.0138855
0.0116059
0.0128217
0.0126376
0.0117057
0.0113553
0.0175229
0.0107785
0.0124255
0.0140751
0.0135373
0.0143233
0.0153598
0.0108221
0.0128895
0.0204407
0.0156407
0.00925957
0.0153756
0.0172061
0.0156129
0.0136039
0.0103963
0.00930611
0.0129101
0.0118084
0.0105258
0.0124549
0.014281
0.0129044
0.0142484
0.00989786
0.0134336
0.0171168
0.010913
0.0108378
0.0134548
0.0163623
0.0121727
0.0132347
0.0133032
0.0130517
0.00917355
0.0128759
0.0156331
0.0154409
0.0120692
0.0118712
0.0117406
0.0159502
0.0176021
0.0139034
0.00914053
0.0108259
0.016289
0.0102362
0.0134841
0.0124312
0.0136409
0.0128629
0.0135133
0.0119966
0.0122434
0.0164201
0.011975
0.00899925
0.0156645
0.0105746
0.0141095
0.0152588
0.0127058
0.0142401
0.0108492
0.0149725
0.0124191
0.0115709
0.0159963
0.0168317
0.013862
0.0182159
0.0152261
0.0122051
0.0106325
0.0130474
0.013858
0.0119347
0.0129559
0.0128357
0.0154327
0.0130734
0.0125202
0.0154118
0.0102467
0.0112582
0.0124529
0.0158833
0.0178756
0.0148696
0.016492
0.0118636
0.0112022
0.0102613
0.0111493
0.016332
0.0105046
0.0131839
0.015472
0.0141042
0.0113223
0.0162097
0.0173948
0.0184454
0.0150971
0.0118483
0.0142371
0.0165108
0.0156843
0.0130871
0.0134891
0.0128048
0.0140331
0.00731522
0.0126374
0.0153123
0.00990775
0.0161317
0.00874463
0.0144677
0.0116573
0.0123821
0.0170072
0.0144296
0.0121352
0.0131353
0.0122844
0.0143023
0.0126739
0.0154846
0.0103431
0.0128188
0.0180489
0.00894822
0.0130582
0.0131528
0.0107853
0.0124611
0.0136717
0.0106184
0.0131889
0.0149104
0.0155124
0.0115309
0.0140447
0.0102591
0.0172148
0.0143958
0.0133476
0.014154
0.013834
0.0151214
0.0123233
0.0141575
0.0162003
0.0136268
0.0117105
0.0176356
0.0103641
0.0126281
0.0126377
0.0119422
0.0151272
0.0131984
0.0117472
0.00863447
0.0135017
0.0156788
0.017895
0.0114438
0.00763189
0.0141399
0.015338
0.0156212
0.0117736
0.0111963
0.0141432
0.0138171
0.0127483
0.0141758
0.012426
0.0121559
0.0119962
0.0141497
0.01479
0.0124064
0.0163803
0.0125444
0.0163308
0.014553
0.0128425
0.015261
0.011658
0.0109674
0.0129118
0.00997017
0.0125635
0.0120169
0.0114654
0.0115769
0.0111156
0.0153842
0.0106861
0.0121457
0.0149513
0.0104085
0.0127118
0.0105506
0.00890707
0.0143632
0.0157373
0.0123229
0.014435
0.0132357
0.0117309
0.0140471
0.0167365
0.011787
0.0121625
0.0106341
0.0160153
0.0161358
0.0112936
0.0140561
0.0128399
0.0112887
0.0124199
0.0142358
0.010665
0.0139077
0.0123175
0.012906
0.00956931
0.0137981
0.0123997
0.0132244
0.0133808
0.0140369
0.0151917
0.0153157
0.00672928
0.0151373
0.0100312
0.0184259
0.0122654
0.0114833
0.0131917
0.0149942
0.0181705
0.014034
0.0165206
0.0109995
0.0151573
0.0129912
0.014428
0.013187
0.0116297
0.0111335
0.0127264
0.01421
0.0112204
0.0185385
0.0176307
0.0182491
0.0107044
0.0155026
0.0152426
0.0127159
0.0126836
0.0106785
0.0138127
0.0105781
0.0104729
0.012799
0.0121584
0.0086333
0.0123024
0.0153339
0.0160775
0.012095
0.011101
0.0115427
0.015583
0.0117593
0.0102334
0.0131365
0.0100436
0.0127214
0.0108447
0.0172413
0.0183272
0.0157673
0.0092465
0.0127461
0.0136379
0.0123642
0.0151179
0.0190821
0.0131475
0.00787901
0.0104332
0.0101377
0.016916
0.0122338
0.0124219
0.0154126
0.0142928
0.013597
0.0162026
0.015998
0.0131266
0.0139349
0.0163329
0.00907918
0.00691417
0.0127245
0.0126764
0.0117232
0.0140013
0.0115575
0.00797749
0.0176887
0.0123721
0.0160695
0.0176558
0.0109482
0.0123594
0.0118151
0.0117476
0.0178287
0.013253
0.0148257
0.0118874
0.0106513
0.014634
0.0142429
0.014313
0.012342
0.013813
0.0126943
0.0169531
0.0157386
0.0126078
0.0155793
0.0149187
0.0117251
0.0116483
0.0122114
0.0140634
0.0109089
0.0113918
0.0132568
0.0139525
0.0114538
0.0148896
0.0108389
0.0131091
0.0112654
0.0123043
0.0114925
0.0111866
0.016072
0.00911901
0.0146813
0.0112728
0.0107592
0.0143894
0.0108094
0.0154451
0.0169701
0.0140417
0.0142075
0.010058
0.0124193
0.0135304
0.0123457
0.0151574
0.0156263
0.0150113
0.0143354
0.0149348
0.0183315
0.0124332
0.0131869
0.0138143
0.0152928
0.0144707
0.0146466
0.0133813
0.014393
0.0140121
0.0160141
0.011707
0.0197192
0.0122251
0.0143513
0.0124511
0.0124219
0.0102513
0.0109888
0.0112079
0.0168251
0.0165714
0.0151997
0.0104322
0.0190111
0.0134409
0.017786
0.0104109
0.0167896
0.0147931
0.00905775
0.0108887
0.0102159
0.0143331
0.0135489
0.0116852
0.0163509
0.010435
0.0125411
0.0110865
0.0137256
0.0139072
0.011728
0.00946828
0.0105651
0.0134505
0.015824
0.0146261
0.0147706
0.0166364
0.0134077
0.00737842
0.0128735
0.0101085
0.0137218
0.0158192
0.0127133
0.0104046
0.0157102
0.0141575
0.0151022
0.0130737
0.0169879
0.0147427
0.0132952
0.0119246
0.0118874
0.0145947
0.0168999
0.015382
0.0162256
0.0162477
0.0156901
0.0172392
0.0135673
0.0118727
0.0103084
0.0143544
0.0170683
0.0123664
0.0148372
0.0141454
0.0266662
0.0137332
0.0133146
0.0114183
0.0158878
0.0135214
0.0116899
0.0118572
0.0159183
0.0141223
0.011594
0.014335
0.0126899
0.0148603
0.0159774
0.0168112
0.0091218
0.0116477
0.0118437
0.0158635
0.0109516
0.013392
0.0136031
0.0132583
0.0138126
0.0117488
0.011149
0.0131337
0.0131151
0.00938037
0.0138309
0.0145786
0.0151157
0.013599
0.0104327
0.0145552
0.0153371
0.0120663
0.00574426
0.0164587
0.0118361
0.0135859
0.0176577
0.014944
0.0102797
0.0122393
0.0163699
0.0149873
0.0133968
0.0130395
0.0153367
0.0120651
0.0135344
0.017025
0.011869
0.014685
0.0126028
0.0116677
0.00978913
0.0160052
0.0108478
0.0142755
0.0127501
0.0113475
0.0140793
0.0158396
0.0145437
0.0159
0.0127067
0.0144662
0.0111142
0.0143083
0.0138163
0.0120857
0.0141498
0.0149602
0.0124596
0.0121742
0.00988405
0.0127397
0.0079376
0.0176203
0.0179066
0.0132905
0.0107827
0.0112678
0.0118325
0.0150594
0.0118658
0.0131713
0.0179896
0.0114464
0.017872
0.0141335
0.0201889
0.0136222
0.0132308
0.0147597
0.0178271
0.0120633
0.0114146
0.0133089
0.0119406
0.0157695
0.013822
0.0120974
0.0143394
0.00980513
0.0152743
0.012086
0.0211628
0.0143358
0.0140089
0.00899228
0.0179156
0.0167624
0.0182542
0.0119869
0.014176
0.0109842
0.0137031
0.00874091
0.0133814
0.012226
0.00983626
0.0146682
0.0128285
0.0114286
0.0137559
0.01152
0.014959
0.0103237
0.014516
0.0123466
0.0174156
0.0157225
0.010562
0.016035
0.0126962
0.014402
0.0120613
0.0127205
0.0114643
0.0155281
0.0142512
0.0163762
0.0118821
0.00995556
0.00910884
0.0111256
0.0120412
0.0122882
0.0135858
0.0141526
0.0144348
0.0141062
0.0119011
0.0158678
0.0215354
0.0104043
0.0152637
0.0134068
0.0115672
0.010451
0.00943098
0.00931563
0.0125532
0.011477
0.0115976
0.0085538
0.0137907
0.0142137
0.0169468
0.00954791
0.012237
0.014543
0.0146546
0.0153881
0.0162559
0.0103936
0.0123163
0.0110815
0.0124046
0.0158673
0.0122902
0.0144966
0.0167209
0.0122314
0.0111037
0.0128986
0.0148333
0.0127197
0.0129572
0.0138088
0.0128255
0.0116575
0.0100322
0.00982018
0.0116376
0.00895772
0.01378
0.011136
0.0143541
0.0121259
0.0177705
0.0110079
0.0173011
0.0122276
0.0213069
0.0118873
0.0112758
0.0149859
0.0122999
0.0150275
0.0127647
0.0128667
0.00798448
0.0159832
0.0114155
0.00992258
0.00792089
0.0112402
0.015752
0.0113836
0.0133203
0.01422
0.0112445
0.0146329
0.0116335
0.0099911
0.012219
0.00956711
0.013326
0.0103545
0.0152132
0.0114416
0.0116722
0.0118795
0.0160599
0.0130586
0.0116915
0.010833
0.0123472
0.0183939
0.0115154
0.00989054
0.0136416
0.0142641
0.0138036
0.014131
0.0157543
0.0114948
0.0139397
0.0119536
0.013396
0.0101379
0.0134763
0.0113897
0.00923587
0.0154475
0.0132008
0.0121883
0.0181569
0.0120477
0.014375
0.013581
0.0149749
0.014537
0.00873334
0.012427
0.0136627
0.0176757
0.013983
0.0122377
0.0117987
0.011244
0.0151294
0.0142768
0.0121527
0.0115971
0.0111899
0.00987418
0.0137418
0.0156007
0.014751
0.0163258
0.0167689
0.0158257
0.0165732
0.014626
0.0128694
0.012754
0.010222
0.010261
0.0116328
0.0123298
0.0160895
0.0124366
0.0121761
0.0130949
0.0149614
0.0125836
0.011965
0.0122565
0.0154535
0.0136359
0.0155936
0.0110196
0.0144703
0.0103775
0.014259
0.0121064
0.0143604
0.016521
0.0129178
0.0145925
0.0107849
0.0151112
0.0137091
0.0108919
0.0124333
0.0118999
0.0111112
0.0129588
0.0130543
0.0114298
0.0134585
0.0138599
0.0122914
0.0113813
0.0181826
0.0133144
0.0127993
0.013397
0.0172907
0.00966433
0.0165128
0.0117033
0.0153725
0.015391
0.0102166
0.0139336
0.0144952
0.0106298
0.010031
0.013635
0.0172045
0.00877479
0.0152116
0.0101937
0.00962609
0.01893
0.0150502
0.0146491
0.0181776
0.0177985
0.0129469
0.0127599
0.0143946
0.0137365
0.0148002
0.0138659
0.0123561
0.00898613
0.0132943
0.0170439
0.0130805
0.0178621
0.0155343
0.0154927
0.0122838
0.0123029
0.0113983
0.0134571
0.0128958
0.0127221
0.0145911
0.0137985
0.0126856
0.00849051
0.014651
0.0141192
0.0147963
0.0163683
0.0148281
0.0126975
0.0130939
0.0182593
0.011128
0.0118927
0.0159055
0.010271
0.0128842
0.0161021
0.0156621
0.0150351
0.0113098
0.012953
0.00666476
0.0119971
0.013805
0.0119368
0.0096898
0.0145213
0.0161276
0.00996817
0.0131813
0.0120998
0.0158168
0.0121159
0.0150085
0.0119304
0.0176332
0.00911094
0.0155464
0.0118464
0.0152591
0.0175144
0.0151035
0.0126772
0.014244
0.0147599
0.0161496
0.0196583
0.0156264
0.0096662
0.0108315
0.010171
0.0129271
0.01339
0.00895108
0.0143188
0.0112983
0.0109925
0.0110148
0.0105022
0.0134188
0.0136182
0.0139549
0.0125973
0.0106774
0.0134711
0.0144272
0.0117931
0.0169277
0.0131789
0.0107703
0.01658
0.0101802
0.0132972
0.010947
0.0173043
0.0162065
0.0144564
0.0149293
0.012155
0.0107456
0.0102373
0.0127835
0.0126064
0.0153645
0.0100301
0.0131635
0.0135714
0.0174229
0.0117254
0.0127317
0.0121956
0.00926954
0.0152355
0.0158273
0.0186086
0.01487
0.0106976
0.0119402
0.011289
0.0117838
0.00977471
0.0124196
0.0132442
0.00977242
0.0156861
0.012063
0.0152105
0.0144637
0.0124687
0.0111678
0.0154544
0.0121799
0.0124181
0.0133597
0.0136505
0.0136896
0.0175518
0.0124565
0.0140702
0.0159159
0.0136465
0.0135802
0.0114114
0.0130526
0.0148798
0.0140936
0.0155377
0.0151333
0.0197497
0.0111666
0.015295
0.0142992
0.0127946
0.0114183
0.00865852
0.0124764
0.0149102
0.0152828
0.0144862
0.0193262
0.0151679
0.0114555
0.0107594
0.0169811
0.0139028
0.00976691
0.0128958
0.0145448
0.0140927
0.0129323
0.0147609
0.0109811
0.011364
0.0172749
0.0149424
0.0102951
0.0124302
0.0125261
0.0149089
0.0140276
0.0129442
0.0159374
0.0143217
0.00863368
0.015163
0.0163541
0.0181559
0.0138057
0.0167183
0.0129631
0.0142011
0.0138871
0.0101356
0.0135314
0.0147086
0.0148401
0.0106188
0.00937861
0.015354
0.0171703
0.0159113
0.0167813
0.0129727
0.0106113
0.0127845
0.0135181
0.0131727
0.0112786
0.0168096
0.0139266
0.014019
0.0145721
0.0112928
0.0110879
0.00991131
0.0135097
0.01315
0.0168858
0.0126722
0.0182556
0.0139994
0.0140225
0.0152296
0.0188247
0.0134101
0.012612
0.0107167
0.0104071
0.01206
0.00841986
0.00893002
0.0129418
0.0107605
0.0150452
0.0166951
0.0128683
0.013902
0.0104056
0.0150321
0.0141476
0.0104345
0.0119833
0.0165112
0.0108762
0.0155791
0.0144053
0.0147532
0.0108647
0.0124448
0.0141979
0.0126602
0.0158724
0.0179136
0.0135643
0.0144736
0.0134027
0.0118877
0.0129025
0.00897037
0.0155526
0.0178994
0.0137942
0.0104463
0.0107747
0.0140309
0.00878629
0.0123777
0.0104192
0.0110674
0.0119676
0.00939011
0.0094789
0.0161114
0.0124379
0.00967206
0.014054
0.0154519
0.0119573
0.0139775
0.00827217
0.0120731
0.0170317
0.0157221
0.0118957
0.0194597
0.0145047
0.0113288
0.0153676
0.0112607
0.0141585
0.0131173
0.0112235
0.0126516
0.0116281
0.0114464
0.01287
0.0181511
0.0153853
0.0116749
0.0151794
0.0107029
0.0108356
0.0167728
0.011903
0.0148545
0.0132185
0.0109926
0.0126184
0.00908527
0.0124093
0.0155248
0.0147149
0.0177048
0.0127948
0.0112963
0.0120591
0.0135576
0.0133668
0.0146248
0.0172557
0.0149898
0.0110439
0.0171444
0.015203
0.0143475
0.00817628
0.0141597
0.0108059
0.0178315
0.0152709
0.0159481
0.0141161
0.0136277
0.0162797
0.013409
0.0131374
0.0147515
0.0132067
0.00965092
0.00919057
0.0109465
0.0136142
0.0199727
0.0151843
0.0118257
0.0151079
0.0116085
0.0112941
0.0146337
0.00988126
0.0119717
0.0133489
0.0103085
0.0151363
0.0108885
0.0132964
0.0149755
0.0165757
0.00948024
0.0107928
0.00853933
0.0136306
0.0103523
0.00855841
0.0174763
0.012476
0.0165053
0.0141569
0.0122666
0.016563
0.0109318
0.0138994
0.0118132
0.0118854
0.013465
0.0211519
0.0112752
0.0176814
0.0104735
0.0109897
0.013495
0.0124889
0.00963237
0.0112304
0.0125539
0.0123754
0.0121879
0.0118746
0.0133537
0.0113366
0.0101288
0.0098687
0.0134596
0.00859158
0.0154823
0.0159045
0.0084482
0.0189624
0.0140101
0.00897523
0.0134261
0.0102432
0.0114659
0.0129516
0.0112336
0.0121388
0.0125972
0.0123223
0.0156666
0.0123529
0.0120734
0.0166374
0.0133811
0.0134836
0.0163152
0.0124421
0.0172089
0.0124076
0.0148103
0.0153844
0.0104475
0.012829
0.0116788
0.0147583
0.0103001
0.0133329
0.0129953
0.0132049
0.00790936
0.0115682
0.0136976
0.00911647
0.012456
0.0148749
0.0129622
0.0122649
0.0137516
0.0138283
0.0155414
0.0112135
0.0110553
0.0116243
0.0128263
0.0145769
0.0192953
0.0146018
0.0131497
0.0136222
0.00966207
0.0121756
0.0135882
0.0142503
0.0111032
0.0161835
0.0124095
0.0142907
0.0143387
0.0116628
0.0123213
0.0122849
0.0139957
0.01386
0.017041
0.0120354
0.0123482
0.0132261
0.0117244
0.0115677
0.00975798
0.0144732
0.0130826
0.0160944
0.0145445
0.0107577
0.0137139
0.0122108
0.00931128
0.0118114
0.0149261
0.00876861
0.0134946
0.0127674
0.0120538
0.0146964
0.0109306
0.0169736
0.0137866
0.0147171
0.0135427
0.0113892
0.0124228
0.0135151
0.0124781
0.00869089
0.015541
0.0144816
0.0175979
0.0143275
0.0108656
0.0130506
0.0146848
0.0144858
0.016518
0.0126406
0.0201274
0.0133895
0.00957286
0.00998643
0.0139679
0.0160517
0.00970558
0.0174933
0.0102437
0.0163241
0.0149067
0.0153551
0.0161063
0.0103588
0.0132488
0.0169676
0.0127019
0.0127254
0.00998638
0.0119839
0.0151712
0.0131826
0.0145822
0.0166478
0.0188732
0.0111426
0.0128856
0.0108549
0.0124357
0.0144626
0.010736
0.0139795
0.012216
0.00897587
0.0153958
0.0112352
0.0143101
0.0118671
0.0147672
0.0119909
0.0131965
0.0158894
0.0149324
0.0147462
0.0161385
0.011402
0.0144232
0.0148713
0.0144315
0.0157403
0.0124812
0.0104364
0.0125795
0.0148083
0.0116652
0.0124724
0.0193079
0.0143659
0.0142597
0.0127091
0.0134767
0.0111057
0.010729
0.015906
0.0126447
0.010388
0.0139959
0.0124356
0.014135
0.0158305
0.0142256
0.00820869
0.017309
0.0142041
0.0156122
0.0135833
0.0109095
0.0142972
0.0150683
0.0149432
0.0134337
0.0115297
0.0111454
0.0177949
0.0162762
0.0115417
0.0157672
0.0134472
0.0159253
0.0133298
0.0191274
0.00889982
0.0134748
0.0137239
0.011353
0.0142527
0.0138034
0.0163763
0.0165066
0.00977264
0.0121873
0.00940418
0.0116827
0.0129331
0.0103429
0.0127694
0.0123571
0.0134183
0.0142467
0.0189109
0.0142336
0.0138592
0.0167203
0.00978648
0.0154197
0.0197579
0.010368
0.0107986
0.0104946
0.0119622
0.0157193
0.0111794
0.0114376
0.0118893
0.012073
0.0152935
0.0104446
0.0171926
0.0140532
0.015649
0.0142239
0.0158636
0.0117293
0.00853455
0.00710214
0.0143023
0.0118312
0.0144759
0.0142411
0.0141386
0.0134952
0.0101489
0.0199563
0.0175701
0.014163
0.0111369
0.0137901
0.0150578
0.0115414
0.0143312
0.0143433
0.0120695
0.00943422
0.012706
0.0123965
0.0156156
0.0103394
0.012481
0.0148105
0.0127395
0.012099
0.00999839
0.0138447
0.0133222
0.011909
0.0100283
0.0137676
0.0144159
0.0154552
0.00838779
0.012558
0.0160846
0.0133507
0.0130885
0.0127898
0.0145663
0.0135149
0.0130629
0.0130751
0.0117989
0.019313
0.0126227
0.0136347
0.0169627
0.0141883
0.0106658
0.0117178
0.0148251
0.0141125
0.0123113
0.00976262
0.0107137
0.0157587
0.00973006
0.0134055
0.0138187
0.00902049
0.0151298
0.0157646
0.0128755
0.019498
0.0165137
0.0144211
0.0131304
0.0136016
0.0105859
0.0104331
0.0161419
0.014095
0.0120858
0.0147271
0.0154537
0.0119497
0.0138696
0.0122456
0.0119439
0.0143627
0.0134488
0.0133581
0.0150274
0.0145798
0.0120843
0.0151742
0.0182363
0.01065
0.0161554
0.0144069
0.0136666
0.0156795
0.0135598
0.0139361
0.0145277
0.0177324
0.0132462
0.0165767
0.016507
0.00902053
0.0180008
0.0118715
0.0139671
0.0101522
0.0121563
0.00979493
0.0101344
0.0146566
0.0134601
0.0139509
0.012044
0.0119586
0.0125269
0.00947177
0.0135977
0.0140633
0.00934892
0.0131679
0.00985816
0.0101463
0.0164758
0.0131027
0.0144821
0.0128174
0.0175084
0.0105103
0.0185841
0.00899636
0.0127777
0.00989412
0.0127237
0.0148599
0.0137714
0.00930306
0.0112866
0.0109833
0.0152932
0.0146774
0.0103815
0.0137894
0.017526
0.0155433
0.0119999
0.0119448
0.0164467
0.00965359
0.00947362
0.014766
0.010498
0.0136942
0.011346
0.0126478
0.012684
0.0132411
0.0124362
0.00973071
0.0159988
0.0169419
0.0143092
0.0112897
0.0132241
0.0120566
0.0163613
0.0157696
0.0161821
0.0133743
0.013472
0.0109142
0.00855931
0.0115976
0.0149985
0.0114092
0.0117325
0.0162985
0.0142357
0.0131721
0.0178459
0.0143174
0.0124441
0.0137861
0.0128884
0.014366
0.0178572
0.0165325
0.0124028
0.0102018
0.0182035
0.0142461
0.010746
0.0160692
0.00880868
0.0157436
0.0179691
0.012225
0.0114607
0.0107789
0.0147733
0.0100908
0.0102521
0.0142677
0.0103351
0.0102522
0.0101822
0.0156349
0.0121539
0.0121032
0.0127998
0.0120771
0.0133795
0.0116783
0.0102391
0.0135627
0.00977902
0.00997878
0.0149271
0.00936333
0.01568
0.0111812
0.0118269
0.017573
0.00998442
0.0149151
0.0172057
0.0105215
0.0145352
0.0118515
0.0153368
0.0154605
0.0122227
0.0135632
0.0122498
0.0158968
0.0129171
0.0119972
0.0109797
0.0138393
0.0166616
0.0118714
0.0126497
0.014732
0.0157429
0.011179
0.0153003
0.013789
0.0144887
0.0106958
0.0149145
0.0204148
0.014657
0.0161159
0.0126891
0.0152654
0.0122114
0.0149186
0.0172173
0.0136581
0.0134584
0.0150815
0.0143908
0.0114614
0.0129533
0.0113877
0.0134385
0.0145023
0.0149008
0.016308
0.011645
0.0140346
0.013528
0.0119162
0.0125405
0.0126323
0.0143252
0.0102594
0.0169403
0.0125329
0.0155264
0.0181447
0.0108764
0.0067663
0.0125143
0.0145855
0.013811
0.0133572
0.0120166
0.0141801
0.0123219
0.014878
0.0116612
0.00947095
0.0134552
0.0123649
0.0143972
0.0129592
0.0109391
0.0147326
0.013386
0.0172999
0.0109478
0.0128573
0.0102131
0.0111153
0.0136072
0.0154211
0.0124582
0.0110802
0.0142086
0.0111614
0.0146637
0.0141575
0.0130563
0.017388
0.0096981
0.0122617
0.0134009
0.0122383
0.011642
0.0132392
0.0144365
0.00974387
0.0167728
0.0137592
0.0136061
0.0161606
0.0126593
0.0111163
0.0126673
0.0131643
0.0103949
0.0156382
0.0134865
0.00932236
0.0167821
0.0133935
0.0118655
0.0132202
0.0133788
0.0154244
0.0147779
0.0163995
0.0136395
0.0140791
0.0113277
0.0138156
0.0116296
0.0153166
0.014455
0.016822
0.00980337
0.0117922
0.0119124
0.0121401
0.0156124
0.0133524
0.0158336
0.0133094
0.0127534
0.00970498
0.0131186
0.0110565
0.0166099
0.0133644
0.0185688
0.0138828
0.0116307
0.0128747
0.0114107
0.00962087
0.0151352
0.0108482
0.0129614
0.0161131
0.0165163
0.0147257
0.0124826
0.00972069
0.0124915
0.0128572
0.0117139
0.0138628
0.0193163
0.0102628
0.017883
0.0170777
0.0112041
0.010836
0.00965018
0.0119471
0.0165338
0.0149815
0.0115986
0.0124449
0.0177477
0.0136997
0.0122611
0.0131029
0.00852119
0.0128984
0.017086
0.0141097
0.0162328
0.0136682
0.0160118
0.0112835
0.0120829
0.0140707
0.00961503
0.0137296
0.0141411
0.0120371
0.0155798
0.0104246
0.0138983
0.01366
0.0110476
0.0107278
0.0142787
0.0159577
0.0129693
0.0151062
0.0120759
0.0132525
0.0107861
0.0112378
0.0135329
0.0123555
0.0105573
0.0123584
0.015434
0.010892
0.010455
0.0144802
0.0140127
0.0098239
0.00983145
0.0169511
0.0159179
0.0120936
0.0129671
0.0134729
0.0147368
0.0124146
0.0121735
0.0111131
0.0107283
0.00950442
0.0139314
0.00890019
0.0148776
0.012551
0.0110774
0.0147898
0.0137774
0.0125885
0.0167066
0.0138102
0.0149515
0.0131511
0.0119838
0.0139329
0.0157668
0.00847283
0.0100711
0.00930739
0.0157067
0.0129896
0.0117038
0.0133805
0.0114351
0.0114517
0.00967863
0.0124057
0.0144107
0.0170358
0.00993352
0.0117786
0.0133429
0.00649887
0.0153147
0.0167525
0.0143293
0.0148332
0.0107103
0.0133469
0.0127005
0.017745
0.0104719
0.0159455
0.0137045
0.0119064
0.0138109
0.0140188
0.0179918
0.0124507
0.0150993
0.00804744
0.0110377
0.0134704
0.010217
0.0160763
0.0183612
0.0158917
0.0147736
0.0117557
0.0111842
0.0127879
0.0139428
0.0107126
0.0137624
0.0126499
0.0152485
0.0144063
0.0116472
0.014914
0.0100555
0.0129898
0.0105457
0.0159937
0.0106969
0.0143584
0.0141019
0.0216158
0.0195688
0.0121343
0.0163809
0.0173264
0.0103477
0.0163945
0.0139299
0.0151108
0.0158243
0.0129245
0.0139119
0.0137192
0.0121042
0.0172654
0.0126397
0.00944328
0.0145883
0.0116831
0.010417
0.0141865
0.016917
0.0136879
0.0139367
0.0136661
0.0109972
0.0135517
0.0159879
0.00933161
0.0137428
0.0179809
0.01386
0.0110618
0.0134577
0.0102859
0.014204
0.0107854
0.0116227
0.0109412
0.0100571
0.0132723
0.0139032
0.014127
0.015672
0.0102949
0.0164552
0.0153846
0.0165164
0.0126899
0.0167224
0.0128237
0.0110971
0.0121383
0.00929741
0.0199475
0.0126811
0.0149009
0.0141741
0.0139065
0.0140443
0.0148282
0.0140577
0.0138924
0.0124646
0.0133153
0.0123337
0.0123109
0.0123034
0.0128676
0.0129628
0.0134234
0.0130879
0.0176797
0.015913
0.0159743
0.0132376
0.0157276
0.0147558
0.0149817
0.0158929
0.0113511
0.0104389
0.0137907
0.015371
0.022149
0.00980824
0.0176366
0.0141136
0.0162191
0.0113281
0.0126984
0.0151873
0.012594
0.0137091
0.00905691
0.0122878
0.0176742
0.0097125
0.0183965
0.00954595
0.0148295
0.00937025
0.0118186
0.0136406
0.00955727
0.0153
0.0153073
0.016104
0.015589
0.0102032
0.0103973
0.0117639
0.0113112
0.0140974
0.0127802
0.014654
0.011664
0.0125947
0.0148608
0.0119838
0.0168552
0.0136068
0.0102013
0.0154715
0.0102174
0.0145965
0.0144371
0.0140928
0.015336
0.0146029
0.0180912
0.0104469
0.0182836
0.0138279
0.00933034
0.0172851
0.0121945
0.0163947
0.0138766
0.0208806
0.0112678
0.011431
0.0150113
0.0143764
0.0157956
0.014192
0.0116371
0.0142038
0.0143105
0.0140444
0.013136
0.00927573
0.0180541
0.0116044
0.0159384
0.0121517
0.0112625
0.0124903
0.0114287
0.00993417
0.0123148
0.0154197
0.0149866
0.0117596
0.0118253
0.0115161
0.0118418
0.0124499
0.0103804
0.0106723
0.013644
0.0143224
0.00949117
0.0128763
0.0151774
0.0128583
0.0130607
0.0106499
0.013923
0.0121119
0.0133524
0.0143041
0.0156895
0.00963093
0.0126181
0.0139999
0.0155888
0.0128047
0.0125273
0.0123741
0.0141766
0.0182381
0.0124592
0.0124194
0.0122739
0.00896571
0.0139704
0.0167704
0.0111148
0.0166625
0.0114379
0.0123222
0.0151552
0.016462
0.0159864
0.0141892
0.0140168
0.0158296
0.0119098
0.0126011
0.0155792
0.0146116
0.0108333
0.0144568
0.0174063
0.0139664
0.0136143
0.0141289
0.0137148
0.010581
0.0176282
0.0169549
0.0150843
0.0168597
0.0139814
0.0168439
0.0156787
0.0160284
0.00936431
0.0143206
0.0129497
0.013538
0.0138708
0.0159863
0.0120165
0.0129947
0.013852
0.0165237
0.010685
0.0132376
0.0102339
0.0150418
0.020204
0.0136372
0.0100178
0.0169711
0.0150055
0.0104105
0.0159865
0.0112494
0.0129749
0.0147066
0.0128217
0.0177225
0.0174045
0.015175
0.0152441
0.0125595
0.0109039
0.0143562
0.0165469
0.013811
0.0142056
0.0125685
0.0139407
0.0146155
0.00898856
0.0116539
0.0154874
0.016996
0.0140938
0.0115424
0.0148372
0.0104964
0.0127509
0.0144001
0.0111124
0.0136833
0.0162835
0.0127344
0.0122566
0.0112034
0.0149576
0.0142843
0.0106583
0.0110068
0.0110771
0.0134558
0.0141107
0.0134259
0.0104861
0.0114432
0.0111511
0.00957384
0.0178926
0.0173385
0.0148626
0.01496
0.0112662
0.0127785
0.0131784
0.0131925
0.0145684
0.0112146
0.0122062
0.0118933
0.00867074
0.0109259
0.0151988
0.0117795
0.0149787
0.0120871
0.0118227
0.0117812
0.0153244
0.0144056
0.0106736
0.0128362
0.011168
0.00875433
0.0126257
0.0148613
0.0102367
0.0114168
0.0116342
0.0123884
0.0114661
0.0188328
0.0136357
0.0142305
0.0148233
0.0166036
0.00911221
0.0126214
0.0138525
0.011835
0.0146408
0.0107326
0.0138892
0.0157243
0.0130507
0.0089127
0.00905122
0.0119876
0.0157016
0.0106068
0.0148995
0.0129792
0.00986636
0.00758154
0.014642
0.0181217
0.0135278
0.0112483
0.0173008
0.0134913
0.0104479
0.0147049
0.00979619
0.014243
0.013879
0.0111065
0.018196
0.00964315
0.013956
0.00856312
0.00989316
0.0179902
0.0131994
0.0132564
0.0104983
0.0107182
0.0133607
0.0122652
0.0135431
0.0125763
0.0129894
0.0137902
0.0145806
0.0102975
0.0148948
0.0133851
0.0159229
0.0098391
0.00966717
0.0145959
0.0112992
0.0121934
0.0161665
0.0131936
0.012835
0.0154403
0.0137366
0.0120787
0.0104113
0.0130219
0.0141068
0.00973967
0.0121831
0.0158482
0.0152842
0.0153767
0.0149308
0.0129447
0.0121501
0.0126819
0.0125152
0.0171209
0.0165871
0.0120059
0.0137665
0.0135778
0.0123642
0.0110584
0.0120137
0.0139941
0.0118259
0.00829897
0.0126673
0.0132227
0.0122938
0.020515
0.0137897
0.0159589
0.014159
0.0151886
0.0171129
0.0117409
0.00918356
0.0121922
0.0110302
0.0148275
0.0151103
0.0171997
0.00989521
0.0126922
0.0122103
0.0153009
0.015756
0.0129952
0.0134488
0.00999492
0.0144991
0.0118722
0.0122096
0.0156399
0.0127204
0.0113123
0.0143736
0.0109412
0.0115256
0.0174379
0.0157807
0.00820998
0.0100228
0.0123249
0.0143928
0.013667
0.014992
0.0123242
0.00928682
0.0156882
0.0117556
0.0139458
0.016254
0.0159393
0.0157317
0.0120879
0.0174701
0.0140459
0.00783903
0.0156695
0.0115613
0.0128013
0.016128
0.0148163
0.0118018
0.0148731
0.0114296
0.0098351
0.0159191
0.0142551
0.012856
0.014383
0.0142394
0.0153617
0.0120541
0.0133399
0.0118007
0.014442
0.0116467
0.0151079
0.0131674
0.0156716
0.014848
0.011092
0.0095546
0.0156998
0.0150186
0.0124301
0.0131569
0.00950571
0.020014
0.0128487
0.015822
0.010399
0.010158
0.0123872
0.013306
0.00924832
0.0137838
0.0122306
0.0142398
0.0137316
0.00970379
0.0111137
0.0146837
0.0132942
0.0126012
0.0167294
0.0132495
0.0103473
0.0106832
0.0144252
0.0125346
0.0146964
0.0129532
0.0154464
0.012915
0.0110079
0.0119601
0.0109341
0.0163424
0.0155709
0.0130577
0.0126999
0.0125128
0.0134994
0.0131082
0.0127339
0.0155892
0.00797751
0.0119498
0.0120835
0.0131353
0.014522
0.00991411
0.0167264
0.0154461
0.013738
0.0142449
0.00858244
0.0165137
0.0151379
0.0152541
0.0127074
0.011978
0.0129035
0.0146733
0.0128244
0.0127875
0.0154702
0.0134044
0.0132777
0.0149055
0.0168114
0.0167155
0.0150942
0.0120529
0.01538
0.0135805
0.0170738
0.0138366
0.0115188
0.0166156
0.0147873
0.0125253
0.00949702
0.013978
0.0134097
0.0115598
0.0125265
0.00998299
0.0117932
0.0149377
0.0145595
0.01391
0.00951141
0.0132837
0.0141262
0.0180261
0.0145573
0.011967
0.013795
0.00954222
0.0129965
0.0150701
0.00858182
0.0117261
0.0120794
0.00854219
0.0109061
0.0133474
0.0132269
0.0109918
0.0125227
0.0100445
0.0112977
0.0138835
0.0122438
0.0102568
0.00933889
0.0125831
0.0172223
0.0176844
0.0123386
0.0151005
0.014159
0.00909718
0.0177025
0.0179168
0.0192883
0.0125598
0.0119375
0.011775
0.0112761
0.0105985
0.0157033
0.00940808
0.0113384
0.0105165
0.0128543
0.0123644
0.0182755
0.0122607
0.0149161
0.0147813
0.012387
0.0160605
0.0151787
0.013265
0.0126188
0.0100128
0.0167209
0.0123777
0.0137739
0.014007
0.0116587
0.0117885
0.00753834
0.0105412
0.0124405
0.0122263
0.0122624
0.011743
0.0144013
0.0119261
0.0137975
0.0137893
0.0122595
0.0133182
0.0130234
0.0195783
0.0139007
0.0186048
0.0117961
0.0105015
0.0149414
0.0130575
0.014748
0.0146695
0.0155341
0.0118498
0.0118771
0.0124002
0.011629
0.0161694
0.0125761
0.01249
0.0169496
0.0127404
0.0128975
0.0165063
0.0132742
0.0101395
0.0119785
0.0164073
0.0143764
0.0127002
0.0156106
0.0136424
0.0139873
0.0126542
0.0202215
0.0139713
0.0136136
0.012534
0.0115545
0.0100566
0.014803
0.0108985
0.0148701
0.00855213
0.0106273
0.0145839
0.0117186
0.0123106
0.0106411
0.0164413
0.0132891
0.0133518
0.0184121
0.0109541
0.0109362
0.0139974
0.0101321
0.0134385
0.0151156
0.0108943
0.0153176
0.0136877
0.0142342
0.0109931
0.0169049
0.0135725
0.0165743
0.0149473
0.0127278
0.0147854
0.0165311
0.0176482
0.0127132
0.0203922
0.0138538
0.0105428
0.0122391
0.0142344
0.0115853
0.0134855
0.016301
0.0123977
0.0121426
0.0172022
0.0117369
0.0147057
0.015476
0.0120973
0.0176
0.0105136
0.0124394
0.0140081
0.0144554
0.013562
0.0143911
0.0130653
0.00952917
0.00975422
0.0107481
0.0160258
0.0114288
0.0120169
0.0105919
0.0109454
0.0145301
0.0121532
0.00764782
0.0126603
0.0129071
0.00951226
0.0102917
0.0136983
0.0129005
0.0105793
0.010543
0.0134247
0.0126228
0.0172838
0.0175542
0.0129211
0.0160023
0.0122558
0.0126793
0.0140478
0.0119261
0.0126793
0.0129126
0.0136858
0.0125284
0.00961105
0.0124193
0.0132682
0.0160803
0.0137909
0.0175925
0.0166642
0.00865554
0.0117852
0.012802
0.0101
0.00978543
0.0173767
0.0158886
0.0157767
0.0186026
0.0134222
0.014615
0.0132407
0.014601
0.0104011
0.0169665
0.0182955
0.0171523
0.00944514
0.0120501
0.0160512
0.0105884
0.0109083
0.0133918
0.0164563
0.013815
0.0154354
0.0143545
0.0167444
0.020716
0.0155739
0.0128732
0.0120527
0.0144114
0.0127779
0.0161143
0.0130828
0.016083
0.0129223
0.0124804
0.013943
0.0119257
0.0124768
0.0139215
0.0121361
0.0114156
0.0133604
0.0155191
0.0156081
0.0133573
0.0117505
0.0123585
0.0108933
0.0103176
0.0125172
0.0112655
0.0115894
0.0175795
0.0107642
0.0115184
0.0160911
0.0174471
0.0135344
0.0135758
0.0142536
0.0116131
0.0131911
0.0122983
0.0117207
0.017226
0.0138306
0.0131091
0.0120451
0.0114332
0.0159257
0.0151685
0.0119706
0.0135794
0.0126411
0.0104495
0.0154842
0.0113216
0.0154907
0.0128721
0.0112158
0.00994018
0.0135217
0.0141381
0.0125186
0.0142281
0.0121526
0.0140912
0.0170997
0.0130315
0.0123902
0.00990722
0.0119616
0.0137204
0.017986
0.012889
0.0142036
0.00871848
0.011688
0.0110798
0.0111826
0.0140126
0.0116942
0.012726
0.0145016
0.015263
0.0144805
0.0124731
0.0182653
0.0075052
0.0142461
0.0126013
0.00997306
0.0157816
0.0160893
0.0135186
0.0118927
0.010585
0.0113672
0.0163386
0.0191487
0.0141899
0.0161189
0.0133029
0.0149272
0.0156379
0.0170161
0.0154443
0.00985719
0.018407
0.0129715
0.0109513
0.0174645
0.0156858
0.0156152
0.0152936
0.0157133
0.0136678
0.0111735
0.0108733
0.0149426
0.0075268
0.0144543
0.0151166
0.0143675
0.0135593
0.0111379
0.0127192
0.0158114
0.0134301
0.00933574
0.00943455
0.0126481
0.0117146
0.0174318
0.0149618
0.0108334
0.0126717
0.0178721
0.0120135
0.018264
0.0104467
0.0132616
0.0137373
0.0149905
0.0127481
0.0121172
0.0111314
0.0124321
0.012095
0.0130569
0.0137501
0.0109038
0.0120513
0.0137255
0.014864
0.0131678
0.015855
0.0122307
0.014359
0.0137628
0.0153502
0.012185
0.0091755
0.0114701
0.0114597
0.0115313
0.0171288
0.0139089
0.0104926
0.0123357
0.0160384
0.0141875
0.0106448
0.0151014
0.0117134
0.0141667
0.0140693
0.0118789
0.0102123
0.0147888
0.0104345
0.0105169
0.010747
0.0111119
0.0172895
0.0126107
0.0158633
0.0143154
0.0177112
0.0110406
0.0157071
0.0093415
0.010548
0.0108713
0.0131812
0.0140996
0.0152811
0.0138527
0.00835788
0.0145392
0.0177411
0.0135947
0.017237
0.0127175
0.0139836
0.0133774
0.0105911
0.015231
0.0138221
0.0178126
0.0135011
0.0148265
0.0163308
0.0138439
0.0142789
0.0117508
0.0131758
0.0152178
0.0141677
0.016347
0.0141346
0.0124939
0.0157749
0.0154834
0.0181245
0.0126198
0.0143971
0.0145797
0.0128395
0.0154219
0.0122154
0.0119382
0.0133802
0.0102954
0.012889
0.0134162
0.0165736
0.0124541
0.0117629
0.0160391
0.0133665
0.0146543
0.0188752
0.0185604
0.0179235
0.0109567
0.0133672
0.0154915
0.00820582
0.0119846
0.0113479
0.0135222
0.012471
0.0124978
0.0107264
0.0126777
0.0136131
0.0135233
0.0138625
0.0130274
0.0134822
0.00842594
0.0140791
0.0109032
0.0181292
0.0120244
0.0156928
0.013283
0.01182
0.0165804
0.0123315
0.0106058
0.0120083
0.0136042
0.0107717
0.0130082
0.0128158
0.0139244
0.0113819
0.0142877
0.0129766
0.0102972
0.014202
0.0168299
0.0144272
0.00756775
0.016268
0.0136554
0.0140226
0.0133324
0.0109905
0.0101412
0.0149488
0.0131387
0.0154963
0.014754
0.0131836
0.0107333
0.00962225
0.0131355
0.00946098
0.0167338
0.0123265
0.0202782
0.0116134
0.0104004
0.00995197
0.0123495
0.0154813
0.016104
0.010595
0.0169372
0.0197958
0.0124351
0.0141895
0.0136178
0.0124402
0.0137373
0.0120949
0.0140182
0.0115278
0.0165699
0.0154906
0.0110338
0.0116358
0.0200257
0.0133143
0.0189016
0.0130876
0.0149815
0.0153576
0.0107568
0.0135281
0.0111498
0.0159815
0.0167306
0.0140695
0.0110145
0.0131576
0.0123089
0.0110497
0.0129243
0.0116
0.0142364
0.0110479
0.0120533
0.0139831
0.0115666
0.0108724
0.0130951
0.016662
0.0110363
0.0122058
0.0138565
0.0134064
0.0104372
0.0154482
0.014019
0.0122129
0.0129994
0.0122582
0.0165459
0.0124927
0.0144254
0.0117617
0.0104678
0.0149313
0.0107419
0.0139506
0.0136261
0.0148935
0.00897502
0.0104665
0.0137543
0.0124632
0.0128237
0.0103644
0.0149398
0.0114344
0.0160875
0.0124629
0.0148567
0.0144802
0.0100958
0.00964207
0.0108098
0.00947973
0.013016
0.0134628
0.00997792
0.0168807
0.0131964
0.0131541
0.0108103
0.0179265
0.0115761
0.0114509
0.01102
0.0116113
0.0131881
0.0118613
0.00980003
0.0122391
0.0121292
0.0136371
0.0117743
0.0111932
0.0162998
0.0203453
0.0123265
0.0149253
0.0126095
0.0120392
0.00971699
0.0159689
0.0129687
0.0140143
0.0152499
0.0146138
0.0106604
0.0152531
0.0110024
0.0163372
0.0114285
0.0129459
0.0124135
0.0144364
0.0107417
0.0158108
0.00940995
0.0137137
0.0112974
0.0104741
0.0165683
0.0124446
0.0148532
0.0181289
0.0125545
0.0183076
0.0139221
0.012382
0.0114125
0.0117063
0.0157101
0.0082864
0.0126385
0.015709
0.0140523
0.0168305
0.0147245
0.0112917
0.0114559
0.0135635
0.0113068
0.0134198
0.00984842
0.0128015
0.0112229
0.0153153
0.0153935
0.0145735
0.0123445
0.0145356
0.0157629
0.0210603
0.0130362
0.01211
0.0141115
0.0202128
0.0131306
0.0108439
0.0149041
0.0186846
0.0101378
0.0126031
0.0114583
0.0129797
0.0121187
0.0163672
0.0160316
0.0099423
0.01462
0.0116366
0.0110762
0.0133248
0.0133776
0.0115679
0.0185947
0.0120963
0.0152203
0.00987899
0.0116491
0.013341
0.0141959
0.0111921
0.0107803
0.0224854
0.0109768
0.0141444
0.0112455
0.00936488
0.0132295
0.0107472
0.0104573
0.016805
0.0130599
