0.0124986
0.0148484
0.016283
0.0105273
0.0149209
0.0156959
0.0108905
0.0126537
0.0102661
0.0105858
0.0155859
0.010834
0.0152739
0.0167521
0.0228587
0.0103406
0.0191656
0.0105371
0.0172817
0.0116293
0.0112455
0.0152765
0.0116124
0.0154717
0.0111272
0.01358
0.013059
0.00964855
0.0169826
0.0153763
0.0153524
0.0140389
0.0124862
0.0182455
0.0107443
0.0151996
0.0121495
0.0128214
0.0145519
0.0153515
0.0138825
0.0151425
0.0101984
0.0128924
0.0129286
0.0149521
0.0132721
0.0105752
0.0128465
0.0138507
0.0124516
0.0111109
0.0117652
0.0123725
0.0137071
0.0152365
0.0140563
0.0147159
0.0134692
0.00778472
0.0163424
0.0120384
0.0129538
0.0117818
0.0130414
0.0161241
0.0141173
0.0110938
0.0131284
0.0140377
0.0113391
0.0133875
0.0119807
0.0155609
0.0121496
0.0134124
0.0117858
0.0132128
0.0173827
0.0150034
0.0179089
0.0128351
0.0134823
0.0135032
0.0150386
0.0138557
0.0146814
0.0128405
0.0129853
0.012585
0.0122292
0.017247
0.0110647
0.0130908
0.010266
0.0123074
0.0112154
0.0116861
0.0130813
0.0136554
0.0104473
0.0133615
0.0122245
0.0115838
0.0187795
0.0123119
0.0144498
0.0174015
0.0162579
0.00941101
0.0139953
0.015328
0.0119243
0.0109218
0.0151421
0.0214089
0.0146205
0.0152768
0.0124315
0.0107138
0.0148059
0.0110836
0.00931462
0.014676
0.0147092
0.0178082
0.015726
0.0118326
0.0104002
0.0141921
0.0163169
0.0172983
0.0105171
0.00977531
0.0148006
0.0152712
0.0133265
0.0139845
0.0151559
0.0147993
0.0163755
0.010638
0.0122655
0.0145274
0.0132137
0.0153472
0.0127406
0.0184996
0.0117301
0.0129867
0.0137038
0.0125563
0.0143793
0.00946261
0.0125822
0.0116336
0.0104641
0.0163417
0.0136634
0.0218178
0.0108237
0.011552
0.0140763
0.0133856
0.0131126
0.0111977
0.0143092
0.0129019
0.0129538
0.0118
0.0119304
0.0121809
0.0149209
0.0121672
0.0127863
0.0162209
0.011731
0.0103795
0.0161408
0.0133101
0.0130817
0.0132101
0.019638
0.0121949
0.0148069
0.0149123
0.01649
0.0173974
0.0161219
0.0109599
0.0139081
0.0137256
0.0143798
0.0126496
0.0152674
0.0143406
0.014499
0.0128769
0.00759053
0.0110702
0.0171482
0.0101399
0.0119934
0.00940706
0.0121593
0.0147038
0.0124492
0.0121583
0.014499
0.0130481
0.01188
0.0136529
0.0112524
0.00913619
0.0140648
0.0226246
0.0100348
0.0116983
0.00989896
0.0114643
0.0131297
0.0160368
0.0142462
0.0123664
0.0125249
0.0119762
0.0116486
0.0123256
0.0176928
0.0149869
0.0103408
0.0133861
0.0138426
0.0143943
0.0101923
0.0111921
0.0118046
0.00970256
0.00921722
0.00940196
0.0120344
0.015528
0.0129154
0.0148424
0.0129821
0.014344
0.0155965
0.0163386
0.0100979
0.0135631
0.0147306
0.0117872
0.0126964
0.0122584
0.0107402
0.00966594
0.015461
0.012854
0.0110402
0.0156536
0.0119343
0.0146454
0.0164776
0.0127337
0.0172034
0.0130377
0.0115177
0.0172961
0.0114697
0.0129156
0.00839519
0.0173575
0.0123486
0.0128119
0.0131501
0.0188146
0.00988024
0.0147438
0.0123735
0.0144073
0.0140633
0.0134019
0.0152691
0.0133146
0.0140023
0.01309
0.00917758
0.0136573
0.0110446
0.0107395
0.0126642
0.0160084
0.015846
0.0135875
0.0154353
0.0128205
0.0129498
0.0116613
0.0123893
0.0146083
0.0134372
0.0118389
0.00922092
0.0150431
0.0138719
0.0130737
0.0105337
0.0145963
0.0148869
0.016131
0.016998
0.0105746
0.0140657
0.0156232
0.0113437
0.0122747
0.0110691
0.00963819
0.0155276
0.0147602
0.0148402
0.0127154
0.0150792
0.0177612
0.0156011
0.0103517
0.00964224
0.0169216
0.0119492
0.0135906
0.0124271
0.0160958
0.0121016
0.0137881
0.0172838
0.00855984
0.0150672
0.0109149
0.00971839
0.0116507
0.0121484
0.0115013
0.0133889
0.0129454
0.016207
0.014442
0.0154867
0.0107372
0.00979304
0.0137863
0.0186201
0.0112569
0.0109799
0.0105888
0.0116762
0.0134402
0.0133931
0.0140501
0.0152459
0.0170361
0.0191098
0.00806595
0.0107237
0.017619
0.0143066
0.0111098
0.0106256
0.0107942
0.0111343
0.0122094
0.0104684
0.0195082
0.0117579
0.00860047
0.0154213
0.0167087
0.00898918
0.0143992
0.0133715
0.0153889
0.0119123
0.0123696
0.0123188
0.0132775
0.0151469
0.0182524
0.0150001
0.0167566
0.0115233
0.0166243
0.0107246
0.0124314
0.0125338
0.0165609
0.0174359
0.00976177
0.0116247
0.0123845
0.0124947
0.0109657
0.0108683
0.010962
0.0140609
0.0133702
0.0160803
0.015554
0.0153073
0.012821
0.0177527
0.0132376
0.0119918
0.0141771
0.0152989
0.0109862
0.0116191
0.0162852
0.0141221
0.0105712
0.0129868
0.0132444
0.0118053
0.012283
0.0138985
0.0126437
0.0196586
0.0135303
0.0149057
0.0121936
0.0149117
0.0126457
0.0141505
0.0139041
0.0119071
0.0134432
0.014568
0.0109779
0.0108897
0.0189601
0.0115469
0.0112656
0.011807
0.0130186
0.01248
0.0140087
0.0110594
0.0196455
0.0139676
0.0168048
0.0127207
0.0148249
0.0124059
0.0114659
0.0152446
0.0166474
0.0114329
0.0103074
0.00994081
0.0167155
0.0102387
0.0155255
0.0103553
0.0131245
0.0130949
0.0136175
0.00875455
0.0116352
0.0141059
0.012007
0.0124581
0.0127579
0.0128352
0.0161383
0.0144634
0.0142765
0.0163077
0.0140147
0.0114735
0.00706458
0.0147535
0.0121502
0.0159116
0.0166633
0.0139004
0.00798902
0.0164728
0.0123708
0.0151977
0.0134089
0.0137469
0.0172655
0.0130491
0.0135679
0.0159744
0.0182648
0.0109348
0.0125981
0.0159322
0.0101296
0.0140769
0.0166903
0.0130214
0.0141086
0.0165603
0.0158809
0.017
0.0139538
0.0121376
0.0158108
0.0197967
0.0145787
0.0125079
0.0104471
0.0157611
0.0114843
0.0120448
0.0148257
0.0153528
0.0118908
0.0133806
0.0107281
0.0122471
0.0150012
0.0170332
0.0183311
0.0129357
0.0167476
0.016805
0.0143044
0.0134499
0.01326
0.0107645
0.0153957
0.0155331
0.0105432
0.0188296
0.014633
0.011403
0.0137724
0.0104305
0.0133934
0.0168424
0.013476
0.0219847
0.0176175
0.0136327
0.0124758
0.0171529
0.0134939
0.0171022
0.0119891
0.0123307
0.0124009
0.0146451
0.015511
0.0104853
0.0155484
0.0117451
0.0115409
0.0125616
0.0167409
0.0120923
0.0157339
0.011043
0.0115392
0.013975
0.0139091
0.0117684
0.00891484
0.0122103
0.0150701
0.0109708
0.0142075
0.0174465
0.0167553
0.0116877
0.0129506
0.0174081
0.01955
0.0153893
0.0155277
0.010664
0.0139449
0.0129592
0.0176248
0.0188534
0.0141851
0.00910902
0.0140696
0.0136866
0.013962
0.0118572
0.0129282
0.0123084
0.0162089
0.0145733
0.010294
0.0151066
0.0150449
0.00992594
0.0134983
0.0134903
0.0157881
0.0123879
0.0105206
0.0147883
0.015503
0.0112149
0.0089731
0.0101636
0.0156699
0.0152437
0.013567
0.0122327
0.0120706
0.0125782
0.0126256
0.0156804
0.0131113
0.016702
0.0121581
0.0158289
0.0150658
0.0140085
0.0122569
0.0137038
0.0095081
0.0160955
0.0131606
0.0132447
0.00965539
0.0154037
0.0135073
0.0123451
0.0111345
0.0113369
0.011092
0.0144844
0.0119387
0.0137466
0.0114023
0.0101309
0.0125848
0.010348
0.0110641
0.0131929
0.012595
0.0138765
0.0165939
0.0112514
0.0177048
0.0122506
0.0129588
0.0137389
0.0140994
0.00843322
0.0099321
0.0162221
0.0132135
0.0147026
0.0114637
0.0124993
0.0106981
0.0125371
0.0140589
0.0168027
0.0114453
0.0169735
0.0119757
0.0123865
0.016455
0.0119176
0.0178959
0.0138051
0.0119662
0.0157748
0.0118939
0.0128418
0.0152806
0.0184859
0.0143018
0.012095
0.0178757
0.0132363
0.0134993
0.0182218
0.0129713
0.0165027
0.0121505
0.0134329
0.0170006
0.0116868
0.00961268
0.0153553
0.0117046
0.0136858
0.0120859
0.0146359
0.0138283
0.0155488
0.0190509
0.012231
0.00975124
0.015518
0.016621
0.0132252
0.0154077
0.0165371
0.0136666
0.0120998
0.0126834
0.01463
0.00920093
0.0145855
0.0114542
0.0109505
0.0116533
0.01604
0.0161331
0.00960125
0.0145491
0.0120993
0.0115852
0.0151547
0.01266
0.0154593
0.0116065
0.015361
0.0124156
0.0119332
0.0120903
0.0180378
0.0109099
0.0128999
0.0117287
0.0132764
0.0123442
0.0127968
0.0141197
0.0113326
0.0125235
0.0150084
0.0129614
0.0096123
0.0116745
0.0145066
0.0126464
0.0115286
0.0154285
0.011448
0.00825098
0.0167056
0.0147677
0.0125547
0.0127679
0.011512
0.0136554
0.0157352
0.00876103
0.0153041
0.0102753
0.0151049
0.00984166
0.0122018
0.0145177
0.011234
0.0117687
0.0143223
0.0195521
0.0107562
0.0134357
0.0117425
0.0128066
0.0158249
0.0102893
0.0095536
0.0116984
0.0119983
0.0160712
0.0129342
0.0164181
0.0181389
0.013767
0.0133021
0.0128183
0.0121488
0.0131869
0.0220831
0.0128398
0.0114619
0.0122024
0.01089
0.0090544
0.0142547
0.0143741
0.0116178
0.0124794
0.0149695
0.0103145
0.00980561
0.012563
0.0151969
0.0131376
0.0101483
0.0127597
0.0162571
0.0119755
0.0138583
0.0138243
0.0104877
0.01114
0.0209588
0.0149099
0.0137827
0.0146921
0.0137624
0.0149642
0.0135969
0.0111799
0.0122413
0.0153273
0.0115604
0.0128268
0.0110733
0.0163423
0.0110404
0.0152476
0.01195
0.0124795
0.0106517
0.0138686
0.0122122
0.017333
0.0112407
0.00983195
0.0149005
0.00864664
0.0127981
0.013438
0.0133044
0.0124082
0.0119237
0.0149471
0.0150958
0.0136315
0.0124503
0.0172569
0.0116935
0.0152641
0.0132125
0.0147479
0.0106678
0.016109
0.0128827
0.0154949
0.0134214
0.0129926
0.0170476
0.0132184
0.0121594
0.0167244
0.0126032
0.00918441
0.0125124
0.0153105
0.0132327
0.0112098
0.0170752
0.0135432
0.0151148
0.0127448
0.0159757
0.0175588
0.0135855
0.0109714
0.0135031
0.0128473
0.0169707
0.0111953
0.0116084
0.0134856
0.0100472
0.0161724
0.00885069
0.013956
0.0148185
0.0132325
0.0164746
0.0162198
0.0155973
0.012908
0.0101633
0.0156391
0.0112556
0.0160887
0.012359
0.0178634
0.012483
0.0122362
0.0156211
0.0140728
0.0146524
0.0160753
0.0100711
0.0140641
0.0143434
0.0184298
0.0110954
0.0129567
0.0108968
0.0108347
0.0147225
0.0113201
0.0130217
0.0141172
0.0158376
0.0128634
0.0122739
0.0155804
0.0168028
0.0140784
0.0109867
0.0161372
0.0123478
0.0128765
0.0132839
0.0141516
0.0174822
0.0135023
0.01309
0.0129254
0.0144885
0.0145696
0.0108995
0.0107958
0.0114011
0.0116903
0.0136276
0.0150919
0.0154693
0.0147152
0.0151766
0.0152944
0.0110933
0.0116112
0.0159169
0.0156127
0.0154956
0.0113754
0.021197
0.0116671
0.0136047
0.0164786
0.0141969
0.00974909
0.0191446
0.0165018
0.0145947
0.0125127
0.00986614
0.0152258
0.00960409
0.00703543
0.0116679
0.012746
0.0161001
0.00988438
0.0137882
0.0139962
0.0136077
0.013804
0.0129952
0.0154012
0.0147749
0.0120995
0.0118732
0.0133447
0.0156095
0.0117417
0.0142121
0.0160667
0.015956
0.0145214
0.0126353
0.013912
0.0152601
0.0157367
0.0121447
0.013529
0.0117407
0.0157104
0.0116207
0.0100455
0.0154483
0.0158311
0.0129543
0.0138672
0.0118681
0.0150314
0.0142253
0.0107222
